I_1,I_2,I_3,I_4,I_5
0.8745862794936299,3.3539719921597575,6.125412177631265,5.275294316918588,3.620569179064406
2.2021614034108206,5.5731206132656,10.514944006242484,1.0947503474965066,12.87394182795854
-0.43945787122125113,6.342661375091862,-0.3065137321485767,18.114272728236347,5.407880946496908
1.4786955780493247,0.3704988685580446,4.1034949715688285,0.5479739604159866,12.582977117021446
-0.5348664790127016,4.989570504215792,4.039950240406755,9.662419951042096,5.145352840814982
3.6609572271874486,0.468246300939698,1.5278574072164635,2.6254126556798725,9.648020311395314
1.1885723653824745,0.7016374158351246,2.83442980939663,6.157606706842914,8.979985630584089
1.0059516639944848,1.6608143000182574,8.356625778405139,6.149804826785686,12.92172925362949
-1.5591232113497728,6.149649751968534,5.081833978777606,6.21910748478119,-6.460872402932473
2.528913595144281,1.407297951924849,3.417174373795364,2.0302222496769478,9.124502082156148
-1.8774201808997562,1.8645052710224659,0.5982004185444099,4.4358127241817655,16.38945245879969
0.2066410818134874,2.460895122953977,6.263024931513236,-1.6330782622869355,10.483813784973574
0.9968798890538471,2.192549403921708,5.7975070554550046,6.579158240658848,1.264436462436539
1.2247219174573467,0.1462319828837657,2.7367441754826713,-2.261414530597306,15.959585897166729
-1.5648345877296284,1.6767190485448493,7.793816744730858,8.15926012055127,2.038865624842208
2.497663551043658,-0.6035516549408617,8.29315595517447,-0.13447467075272534,14.990594912291169
-0.761332147383165,2.8271273862146344,9.729089294032732,4.16586088142026,7.05213100188507
1.4836906563070067,3.973969671336399,4.389627781605958,5.250442960081667,10.110140420052957
1.2840975765674765,1.7200299175395724,-1.0213289206149982,1.0712467192194173,2.432627727389587
3.005853548596197,-1.247008040872556,6.063449124892147,1.0163508486455983,9.688127068497252
-1.0955756014344915,2.9450995485534595,2.450836389062182,-0.03493100417892725,3.0708817961793105
1.341974703770867,1.0080377916867,9.18598575231485,1.056876147470124,7.009098166163501
-1.1588677141845671,6.08014959177995,7.0269735798239354,5.282462123185938,1.3352926489407786
-1.8242820827246367,0.26999066886978884,6.716480834203898,4.329327670111956,6.669697927908227
0.8569912099810802,1.8845212355387506,4.6913028199266344,4.796563045134892,11.914662606524665
0.0681937310736691,1.1226188449734809,5.62546968588587,-4.575247609546186,-1.4619595798645708
-1.7759225517916717,4.414545635552329,5.4995396990344645,2.9835718395339037,11.833426329464702
1.5623472615148595,1.4109724877027254,2.3658544152266856,3.5506550221204662,10.165978181099518
-0.04967687978585489,1.8344922013132208,2.494030473707741,12.20096243191512,0.694724749205194
-0.4115576198252143,-1.3856479196050486,7.49509362975718,3.1344024222152913,6.630288186377067
2.914175057711027,2.4510832323365586,-0.13969225714517597,8.612150255090732,6.072138975319083
1.5879512818982795,0.5140900156827033,1.7477747455195318,-2.262250421799703,11.372545267377081
-1.8719130072491454,5.533573648055255,2.2825511110407466,7.501242806332474,5.174291053176962
3.1807322937426195,-2.5551141033939215,2.978248367636007,2.5257008953298072,8.36569108298621
-0.32809485785714887,4.7192586693293865,1.911054301283596,0.2973840366485232,-1.0573500317483975
0.8553357013062217,-1.7434423939814128,6.404862664732155,4.531123037016954,9.149514026622748
-1.1674764599536585,2.7077537047042726,-0.2526262699391202,6.2883704615242255,2.8518016765088667
0.9582427189043863,-2.0378375372676665,4.0669407101302415,-2.623000822890931,9.462845213792594
-1.2643136478601664,3.994141550633631,2.6589217254977986,4.690381336986814,2.5689581753933903
1.0004395246766455,-2.2280244988676134,4.829896570743983,5.082035170610419,9.520311013980375
-1.1725042896915554,-0.40179080951324697,3.665482955212238,3.7529523409281236,1.8667638085557827
0.7892707250449698,1.678074687306986,6.242767680391607,4.728926387849221,4.134854419082027
0.4398487657901379,5.59178244766138,0.0863651409972358,1.066808674883375,3.454079386202388
1.156941823629334,3.352723114552485,2.984062787347558,-5.050094343423634,12.639297122637942
-0.2493049799259328,6.187587140491102,1.4093580993890753,9.943274345088062,6.87376639209733
3.575677845632746,-2.4858267072977664,10.567832118072458,-9.365766589682625,15.712657104389853
0.6510031475648514,1.4087592825573154,4.210200948116121,11.675999488624932,2.521258713697856
-2.0059880193416797,0.846942598007844,7.319030773426338,-2.456916495642758,8.203122714916042
2.3841058404670106,4.408020258439217,2.2686322407477952,8.799222330029465,9.088943936970695
1.7218052046100207,4.899420483107931,7.592437214611478,-3.8055278076617594,4.307965890433109
-0.6191483769221042,5.747586054784448,-3.3480486531602707,7.378764492868246,2.1136997842115535
0.45094715889764636,1.3172315718559862,12.0342980256974,6.630033615012991,-0.6245230334746186
0.30023743743386855,5.17603754193357,2.3005531291839745,5.244382464425302,8.769600875705311
-0.5777133027705317,0.7542014389947074,7.468761161594758,2.3065372499926995,12.698849698569905
0.6487122467926896,1.3542175870514064,1.4732279886150192,4.280337134386151,2.516567382109009
1.123765460923325,0.43130123400619724,0.5022428213158239,10.332966533941136,18.99483101343375
-1.0124098544266202,2.614214383072591,1.5260877669878354,3.643554317692017,2.3517825553971865
2.21699113368632,-0.03904891562275026,11.080920569835836,-0.48177482088391965,22.05412389898498
0.2600972669055881,2.7520016420967304,6.754340220483424,-1.1293017586029788,7.471686420974529
0.18515395823607594,0.0469943684312395,8.758801957210864,2.2587799308467855,8.40572510530055
-0.0807035843879127,-0.07738986921130175,3.6693916113063567,-1.638260862507777,11.913910150122863
0.6020400667701652,2.8609267408029746,5.312851503795818,2.122584321756941,18.765431574614713
-1.5009948682560403,3.7689005108946225,-1.4991986675355382,2.0162367319765244,-3.758023913868891
2.592855480677624,-2.0809471113964317,8.137202839807003,1.276276528350806,13.176659242908954
0.3177607196468293,4.584502041618066,2.1361931436821457,-0.38098917082639283,17.18427721511172
0.7042271427559403,9.24820559990059,7.8116601536643735,1.4075602603090713,12.310727090501885
2.7165719858649804,-0.0006194392998302156,-0.41894570955749155,0.27767627687484575,-3.19056394197505
0.6636154561398612,2.2033017563541675,6.554556775305873,1.594827557280487,9.680309336501608
-1.3899905025691588,7.347838677120755,1.2660482222306997,10.186414930724524,-2.5250916676930943
2.2611023400396206,1.8392822346806348,4.687005028641591,-2.285066252898648,7.994491552884089
0.14300072414182385,1.9274091803833886,2.2780835334011185,4.196027145387613,10.660206941690987
-0.13473581848808225,0.49582137755936095,3.959182292385919,2.630737039163264,5.516315200152627
2.276210255865901,-0.003555650603658478,5.085022794425888,0.5393711653918047,13.354425290173822
1.9966850760144907,1.8373632338404782,11.818233180420318,5.55140002233549,9.024016281450457
-1.1373393913323335,2.1424558913559313,2.9393887879807967,8.558585636438327,6.740690886034102
4.149446580940784,1.0429787942457596,7.547120640463632,-3.291427582203151,7.687215830563952
-0.3135116116162189,1.7704773286462192,3.183669576921539,5.6996898921092045,-1.3030867276724323
1.2117658025521867,-0.39383423853598476,1.1015208500197347,1.5595544416893716,-0.8198036425257951
-0.24159782413508402,4.554200114982008,5.500746417680495,0.047354139081446256,5.035293160995189
2.1451370931087688,0.7149318775774776,5.049270094064449,1.8949479358071324,8.478485694098918
-2.0517035773187526,4.408543242814158,1.9399009701283236,5.703949744023726,13.644571939871701
4.356430888017599,-2.8184942759968923,12.341336505312224,7.239158496375044,6.838178034137716
-1.0700966181907163,4.019527592403054,1.9514003717471364,2.626852277379246,8.438158251936862
-0.7648745629053129,3.079409693694029,5.363057332992252,-2.4032124847373244,10.604748142343759
2.7733819149220214,1.6600263500692114,1.9223964180995994,5.8729175675088525,4.038610257073289
1.9334412040724485,1.9143465085246871,3.400767468786366,-7.011735802658225,1.0784632538168863
-1.2660455953565983,3.6703516255198543,-2.745965132850033,11.107670650967533,-3.6320567560825836
1.7277101897488336,-1.55626238395855,7.2938048929410595,-6.040862169726093,6.5648283419820626
-2.8408545202163866,3.6312260467952644,-0.6124639411719482,3.6707699227502637,1.182222606244024
-0.5259839508494164,0.8953204073673939,3.9808172427931994,4.572791621579183,-5.547471210968618
1.1830054681131454,1.0060656974072786,4.898593452722251,-3.8692210117619146,1.9207462569267535
1.9781174650846916,1.8116710180550404,12.516056040681171,2.334592464245972,10.130327192085758
-2.5727921504934264,0.6255708646541152,1.4000294755125449,4.336660867911384,6.491465890825298
5.008861262588721,3.4435262891871776,3.0716278987116548,4.978222046503305,10.828191205828194
-0.6416153593120704,3.0231716043517185,-0.8943707358186195,5.4088774055344295,4.403592328926429
0.5240338803351043,2.9679343983991386,3.319301482532036,5.398106026519985,8.244504123689682
1.8561228120666424,4.958699328166846,5.085160619462361,15.22112303830812,2.3707213592347935
0.8856277998902583,-2.8709148055348264,6.81842694834679,-0.9738852575096724,16.29320772609394
-0.6740803315769044,5.145481082473626,-0.13229414001434225,8.061720670992187,9.671721712823349
4.0980696586577,0.2815846895294145,10.171690916693882,5.753390284666073,7.784790363011657
0.23275050812234466,1.9821369445304333,2.0216889203358113,11.228096067764739,6.667070553315038
0.09436290922003765,2.740915024565037,3.325697217913324,1.4332912706296779,1.0686538305576572
3.3677205197094278,2.2527550590227188,-3.337512894551774,2.6665236048730385,5.562934625058212
1.5595872600193612,0.2652588795313717,3.4912865220145806,-2.2331283577918626,9.707938731624296
-1.6084836510987461,3.408841093403047,-4.21199339285244,6.209099841191293,6.086055882396302
2.2900013635344125,0.47458986302829764,1.6411458380324473,3.1037650311370815,10.417670243359098
-0.5189904087294517,4.351854943827221,-1.0364161067554396,11.930474460246133,5.101437152655606
-0.6808134839129097,1.8219844405231884,4.7640913961305,7.229057790308035,10.551276442051888
1.5721402009949164,-1.9324645817648305,6.056147014580221,2.6634779888514952,4.149670897239042
2.0824885928723917,2.7112730434103485,6.531349266503653,-5.667903883922284,3.1918336684891297
-3.3622599063152396,2.2904744772158088,-5.864073364606009,4.1385401422002825,4.627083671193219
0.6781262869047135,1.7446919684233695,1.6582994721039988,-0.2960280757062037,7.853796037356191
0.7116509908358479,2.652919698425901,6.079679329188044,-2.9814947812640655,6.423063872161405
-0.808618574422521,2.7123940428814843,8.864285700863595,2.7475379616755506,7.381662816221331
1.0149443711892079,3.0720077974368873,1.971337039113001,3.6425575594939987,13.004252113724869
1.4411514388022566,-3.043542231633074,0.8511305692293007,1.6461694827714002,15.874458829907319
-1.7505677015758718,3.452003384252664,-0.033511096194712486,8.921556910090498,6.357683884238387
3.9185483308772993,-1.6498976915249455,2.3595214337692454,-1.587811834722587,12.364823969467874
1.2257166089543479,1.91659347225949,3.071298148775422,4.834419098389179,-3.5007071981863724
1.7547601922561769,0.9083001669959985,6.871131022379664,3.3487467931273334,6.610688743629645
1.0780731753497268,0.44271967452148786,6.3556350271210516,6.323947830651955,4.678780781737209
1.6522210280535135,1.3109187006426228,5.754909929924358,4.109225137035448,10.749257842105735
-2.03800641234726,7.603948712285533,3.4991104968419546,12.670165356962533,10.8580732066968
3.7393229454226367,-2.537771054519093,6.79546429273895,-6.791757547612063,4.553117934231006
-1.1747853825353773,5.734614131735315,-0.458623328799709,3.2503676957300875,9.178661682396063
1.4761979900844104,0.6880898661876056,2.0347876429930873,1.89284232153557,12.647307817765565
-0.5956187673744529,-0.9504083679114221,1.5738476697844936,2.598474007985596,3.5878479719561005
2.7676632605882316,0.1275029200647897,5.426063953621737,-3.2137701168544526,11.265604483604022
-2.0372650046551204,4.0463973060631995,1.1277845224254355,10.357915687298188,1.781757841882809
1.5119258441441006,-2.356809392895234,4.516727398859813,1.6565148322683463,13.976205980901636
-0.42186106328354345,4.167584450414838,3.7789715534551656,2.52550561959505,-4.261837414598163
0.7074528648672833,4.7498626897566165,6.019895675436301,-1.2671143221268402,8.474616748139706
1.4659883810886012,0.9959723975693808,3.6666912396971014,2.4960141403222007,5.108830571437519
0.6527831669116132,0.6262120746071262,2.612619669263772,3.4637066982531914,2.631771578168964
-0.19992185509365745,3.6175282265138113,3.2059095092665086,4.6148790497992245,-2.798802806031987
3.4109605314961478,-0.6766607556596411,7.0677512456764475,-1.4377458626274287,11.022965234021523
-1.2180093630404978,4.690505951460865,0.033352577212710344,5.996971765990775,5.802823653597113
-0.885392106487938,1.2280088955748223,4.656924493195676,2.1312287708829447,7.532813713767963
2.1420493896808415,3.9965175858807527,5.4120877695704985,5.082498592534703,9.902957175645554
1.415961252452077,2.4355489392508067,1.602070678076622,-8.232242881281636,12.327944682497982
-0.5721831961116237,3.165932387853177,1.9635120765067602,3.1723645502382007,5.418032600426278
3.7637927043502843,-1.8568494509535056,10.917674520314957,-3.8952834026073404,6.330268278740628
0.8700521080588912,3.4808343237120463,-0.5059252350953738,9.53529152002378,6.799554903495677
-0.0456068874441502,1.2222112986532778,4.329745057626267,4.63331110507016,8.883325914324526
0.9590373006167388,3.055326560306346,6.5423867388999,7.2208270500895235,6.628989805681005
0.7999765881536907,-0.15924272659045924,2.406996130215082,-7.558661393912176,5.022696161997845
-3.1746418566545858,4.151093729975035,6.01372411054313,3.3045606878674145,7.472885247899699
3.996268786420732,-2.8298950912815606,6.674873966119561,3.982668001286557,12.951871335901966
-0.3703965470683588,1.4057648381896897,5.986106205959023,2.0759057587944145,-0.9451569177616609
0.4712759163138853,3.309964302968454,3.224447221276667,-1.9345490357801585,12.307663387087223
1.853154073704216,1.0851102293892105,2.2319294164255457,13.59670303835557,4.17131121462881
1.1515437358919844,2.963835315500769,11.83298947294034,0.20205793311884523,9.524168088196562
-1.768215467000938,5.218063151774231,4.016401744648883,2.4957944126447997,5.311937105456966
1.5507077714947992,-4.081595502941615,4.9611612542067896,2.796386683611148,8.640581871085917
-0.04689804140511722,1.2666505314726626,3.5410054386024434,16.338117121353733,7.461263170628128
-0.5246867576919411,2.406426228887813,5.051308799876114,1.9227411447607046,8.866878528466565
2.9032322477668244,0.2640762077044525,2.0093919791330204,2.714252188619601,11.59790950906122
0.9163782596450722,2.5340703246412213,6.269537030757194,-1.444760148798641,4.753849677928668
-1.658225390764374,4.998843332074669,4.149344368919097,7.509195934040076,0.9991525372047709
3.931900820197797,-1.729767969929041,4.900424199165249,-4.930565878528997,11.567890196221779
-0.7859341379498901,2.7197482719718957,3.3963007774737326,3.4108375296182034,6.145799247336597
-0.4419385088934029,1.7151006185432052,1.1404992473601014,5.109060241163132,11.698209039401505
0.5728626776597695,-1.0640511895070794,4.021761576412691,5.790887286649164,-3.3811549567366517
0.6546201701471411,0.5488182564538071,5.676920006131523,4.68820468228373,6.504245972834369
-2.068999050887669,2.8974500806477574,1.5966217096017234,5.203311719037581,5.3266481109000505
2.569798263727479,1.9718721870715772,1.1242103910944392,8.139141770168532,14.200470014972932
-0.34632982031453774,3.559529824569238,0.5056347559379979,1.8490481240948464,5.080655121212535
0.4014743454305849,3.020431702686073,5.008645499745652,2.242349881271154,16.056225488609993
-0.6005401864291833,0.7589025975946122,3.776296424050441,7.90868815892584,-3.320510403130079
3.1048663493451576,2.161760991600704,7.436512447978598,3.465629393561783,3.977051814492609
-0.362255575681675,3.3619077502680677,-3.5712383808250023,4.912535618910228,1.7026311749077334
2.0970659407404995,1.1266537016906355,5.690991528972154,-1.3975810288889567,13.528671809896988
-0.4591375228676696,1.1480772846870588,2.2134083530244535,4.721954393718692,7.538910171217078
-0.40210628756308076,0.09597404583035174,0.7821868133183338,9.717428320958467,14.645517190000108
-2.1060407367756704,-2.911952891394331,2.774550672508338,1.4659386065871671,-13.038681379509976
2.1027336623290145,0.8606826577052111,4.452993535474783,8.556519947662274,10.14174454855434
-2.707505184123982,3.562691205892805,-1.5085216589925325,11.572019105582457,2.0367480068529686
3.151620703780641,-2.5500476947951713,6.448901959986083,3.4096464014702565,9.59692549069089
-0.5174117863070204,0.12269100857471815,3.5847654163631155,2.363434450518713,3.5904852770695816
1.4267084045381417,0.8214617078063884,11.703932985976182,2.876477144575994,11.182424813389158
0.0764698307920193,0.7518211794955099,-0.09868186951792546,2.502710193951682,4.870156711200494
2.0697326839080734,-0.7033511574304667,4.234146657572358,13.149576697370108,9.10299874415777
-1.062897866340974,2.2603261260293452,-5.833669200713619,3.9761453345891122,-4.26402511144441
1.258675048871676,-0.06713954349737206,9.82484377867472,-4.583750483186347,11.71434955546001
-1.8155159715940659,1.1301086331952857,-0.881627754399552,7.3842265937947955,7.254005195596979
1.929481296596017,1.3030679463463208,-0.3979479833770019,3.0497417323476124,10.001164674851742
0.15232854919135785,4.182245819233483,-0.6649792118588949,5.347417436954347,1.9171183812554182
1.7785241718697788,3.57186134189065,8.617377860067482,2.9354470340105374,15.395835323908972
-0.708297532133995,3.792168539602956,-0.5682645043132699,7.704288230395209,8.627167591963468
2.7240132931027388,1.6830616714802842,5.543901191603149,-7.077202212972493,5.686569554482164
1.3590012082312743,2.9196798052085375,2.1281214907005257,4.7663054384146175,5.167896586160285
-2.393131904122397,2.164557222901125,-2.390438019390026,4.613123914405165,4.621045005722455
1.3937253643494747,-0.4021245946806671,-0.07588055657547521,9.011051637800715,7.614853948054561
2.747725680533474,-2.0355968555144592,8.575645978269211,-0.47772219247682646,12.896788312621386
-2.9335752039327954,3.0671079847555025,4.591665711531954,1.5640606022193313,-11.776825545000952
3.339025648464978,1.6081317959917936,9.519430356371466,-0.6400277060449073,13.900967025101718
-1.069517119122605,5.005396976801053,3.7449337725098593,4.7380951900975825,-0.3672977390634802
0.4166015794734559,2.4365158382501395,3.3732779546900775,3.3137203263645554,7.567231340635674
-0.39532540858137244,4.992491898090313,7.050272308463684,2.313694107026997,-2.7389643806800446
1.4911771950434507,0.8648285749622342,7.6868043331667595,4.862884968889442,12.43569268176698
-2.1848930220195673,5.966125288106792,5.816133633428464,5.515782145474598,7.416447591919244
2.003664647238425,1.1655645777829071,5.228338084030483,5.947081060261866,6.837119332022649
-0.2547458600025525,3.91258733679693,5.133999492732285,3.8895406035441473,6.040050003941141
-0.7647674489984357,2.368748405793036,8.86204692604949,-6.332659827599196,7.619580870921496
1.7284271893932384,3.0537075514551972,2.27034748068932,8.827734906197204,4.28649463316651
1.0686230274490502,-0.523836476251289,4.527072321155114,-4.9236374621072745,5.772433535906167
-0.6611626138879294,-0.4533834750383554,-3.0265793604541,1.6726332883243802,12.296910249894472
2.1574960070325933,-3.493637202287818,1.9395350634201507,0.8286945592769905,15.041465287591706
0.07766288551814449,2.6481293814272853,0.4813796890798314,10.652520130276946,1.4850500706589325
1.4608113063136146,2.11969868962181,6.794161821841772,2.3410254936938926,4.650700882867924
-0.884984442824378,3.3367477636314167,3.8055965834304066,7.889681999747512,6.176475778628394
0.5720275572300805,3.2208850710142007,4.172677237845281,2.3595443864080936,3.56702951877268
-2.5254103771813727,5.349499608468128,0.631399980663736,9.55796419518274,-0.7486755858116174
3.1989775232164894,-2.659694740249896,-2.305056691198663,1.9680921422794277,6.094245333396047
0.07363076034341165,-0.03585350854870906,-0.9628521743201673,7.796489127841787,-3.629278917890553
-0.8248430663325651,-3.234061954149191,9.870521583522754,-1.9587137133680717,10.142881252257377
0.7720601726790872,0.49245852975864546,7.7862205754398,1.4435135020319385,1.8936782807632535
-0.8986531953882293,0.8308732017856235,1.6938406608373164,-0.8834744965417265,15.282671263423222
-2.6526583733169122,4.468520565221063,-1.7838461485903414,2.059003136674536,-0.6509572404699482
4.731240104673386,0.18023498100736912,6.949900738911088,-3.0770198970256546,12.98930662173927
0.011330312241824902,3.831754663660477,1.652918452498571,6.385028197710144,-5.054423636703008
0.8341430997884749,0.6620960137758116,7.338977432804896,2.0775760697769505,8.885494410353305
1.8572502377636944,2.0158796068695173,3.9538037666777757,2.477720267008696,-1.524302110260577
3.558903236155179,1.2575203804130959,0.3059763674392453,8.106700281732419,10.556806767953132
-3.2082705852819835,6.134259054418825,2.97409312917207,5.697198600480265,-2.080653139835524
4.1130938937919685,-2.560116797030332,6.438573818425807,-1.821618305647295,11.701116566094917
0.6495942618652031,4.34805498660308,0.6751898706350847,5.290469490294602,6.884889456512535
2.529777387421669,-2.6944856570965743,0.18104840423211654,6.625761388032858,11.835896620095411
-0.22501169707763347,-0.49688664258564685,3.433823866825024,-0.6055700786788059,13.644741961264987
1.4063507289078305,-4.529208707806238,10.05117123379097,3.065813661267371,9.703356411133079
-0.8132570057800708,1.9837914470832616,0.8530896098535092,13.408666362337792,11.061410689268625
1.2116160563406102,-0.5626782277889362,6.3391716435730165,-1.75529524470572,14.971547490331671
-0.27092675465435967,2.6267266634224944,2.8965695491837744,5.002803121665479,3.7365337268494727
-0.3354303543169683,3.173945823107633,6.877345654810348,-0.23063456240229652,6.6536430638422495
1.8462594830938583,6.449578632870882,4.350293334688414,7.021065932980268,-6.050588029991872
2.446956226794766,3.4258914150157356,6.80123660578486,1.1887904508533387,11.588722006211123
-1.7032923672265659,-0.2666799000054225,3.191471992243262,8.157159516291141,8.089227108740431
1.54822014351476,-1.5409571094911299,6.773607309755732,-5.38420459181663,10.844727642843797
0.5537828289221698,8.730349312056536,2.1854801561192403,3.132820361264012,-5.615481013146266
0.8544949916391373,3.813743215256618,7.244390865874161,-3.8299322771121784,14.746859189341222
1.7047989997721695,0.8135304583042491,4.017965616678731,0.6321895956720134,4.697465113688951
3.0167375970573636,0.18413177190103536,2.9302069409851432,-2.8788285540288134,21.081718799990586
-0.8438503577645962,9.633358151968556,-3.77107051680992,2.6214046952502303,6.978155323953784
2.577217351998815,0.06477519865594239,5.263471040912464,-7.579754149720379,18.889411409573846
0.8252862135087062,1.349282827697155,1.8603688169559012,4.214908323797194,-0.6621898004053128
0.6410990572567146,2.199122769695394,9.10343488917985,0.23224067717534203,11.376663061339029
1.0273640516607108,-3.981195496851992,2.3148835704100184,6.986927948146359,1.208509254694587
3.75259895687671,1.965114766112159,4.300379579675626,1.0103157287953737,10.976825823209388
-0.852170950902889,7.58532501189012,2.996228989029006,5.1307031939418035,-3.564175559897982
1.758064413186172,2.545441666478516,4.7226326554195985,-1.9649503213666741,18.62264946654439
-1.1734917666232676,4.428476094253027,4.019057219111636,10.99194230518278,1.2148726438620374
0.37395358098098996,2.6561455597998567,5.354696163830631,0.6738522980596526,11.699909093477068
1.713827510512452,1.4185496449027049,1.0572182475717051,6.320285989571261,-0.5875844921103923
0.7041491968608801,0.7560949480634174,9.223809732117187,1.1936372783396072,11.936321542622562
-1.3978079221121247,4.935231884458633,-6.093082723756174,5.347884304718232,-3.978272344999143
0.8118527196261125,2.251596807230621,7.904066817836172,-4.859734153302671,13.542629920461144
-1.2689550766787547,4.8786119471423826,2.3906146204615695,-1.3267334452629662,6.397478691489856
1.4240232776661599,-0.05075084201513347,7.829052285605693,1.5288526035472505,4.868118816435276
-0.7752060022318703,5.078830357911816,-1.566350268056632,9.465341272682133,12.01147603968641
0.32334471424068434,-1.1678610685323005,8.825291506333105,0.29638502125335453,17.10558454149901
-0.8043681473468651,4.562549668986156,4.560007019049303,3.8321540412526134,4.356814218323542
2.6368107133145062,-0.7331595400933786,1.6760183303370666,4.875426392759735,8.626203895571322
0.16925818965172468,1.7284072346759733,-1.869374637391608,4.740193717287484,5.0980635240383885
0.39967841496832524,-0.5256229191579558,4.601424896705682,-0.7156776310062449,3.2065492941950513
0.7340864302872561,-0.8244736143846088,4.107098347769076,9.478526441243915,6.680487359060388
1.2811935419966534,-2.6798201812561855,8.19515852368551,-1.0240147947761953,8.920461148162389
-0.5674901727075534,6.493484044014101,0.150843786413005,4.71240829030722,8.94257507206652
3.1602495472792667,-1.6314625439174937,8.851961057344383,-1.340720919017211,12.274709418311193
-0.1798809710362046,3.5795805729106576,-1.0728556673194083,8.072284102579706,-2.071655328161609
0.3388539148366483,2.3641471904873947,4.528987188890161,-2.9774416350693325,7.112435366723032
1.658149938760947,1.5256883676254982,6.210252472667596,10.782506871040447,4.141647265202847
-0.4343205241938066,5.669769771513494,7.731472025075078,2.466321479564513,11.510934908699877
-2.317259080017011,6.332168325399067,1.3780820813408035,6.962595052459342,-2.4168541229990126
2.471836933310512,-0.13610940847298902,10.592935564669592,0.916916977631689,4.098675908666217
0.1554077679701138,3.0495953597900023,2.544616331610003,-2.7913275211974495,12.25705696668001
0.9955253264094077,2.971933833000005,4.627938502345364,2.6603380529272553,17.973592841501603
0.48880778399468394,2.998846910752799,3.172154525382666,3.9705709319274924,4.8777502714313234
0.33827267544388495,2.0566180874891105,6.7804278503005255,4.215915572767048,6.693369876855597
-1.7877455629284285,-1.403894101345752,0.7911447971545753,3.4147254663149162,6.118376596791347
3.483003949894579,-4.630640235694261,6.192628405738653,-0.10106377598811367,9.065295607302538
-1.9750551738670878,1.8376559810260047,2.1998771337476315,6.844245107443098,0.8208435395283218
0.7160636483074532,2.2906798293370234,5.744162989917347,8.444341474728917,14.080295136839055
1.0166197486648283,5.008659419831156,3.5396051406485336,4.01684575798285,9.553164461269471
2.1902672298444097,-2.522100336290941,6.068512424978996,10.383450821381416,4.712267646296453
-2.2129810477892633,3.342751242871862,-2.085515741679328,10.155577474107961,4.773527186905902
2.077981832335289,-1.7402922518512758,2.001630591491557,-1.0946625425502665,14.920392683340776
0.6022540579506559,2.3412371987913243,4.8915145078379325,10.552539699966973,2.630318463946262
-1.232280876489224,5.568591611018755,2.0645412601509014,-1.5796075349867138,4.913383818882471
1.889248695594698,5.351316953602014,7.382400923480589,15.465913027431665,7.751697363421178
-1.1903696864650197,-1.2853216808356231,3.4488931994404175,-0.8921824373991463,7.085618405661118
-1.4128150117992901,5.118895440372441,3.0694852652212483,5.856307647775328,0.058070841530343476
3.2849195544102123,-1.03041318221267,13.452492346775074,-5.699520488671467,10.427303202699253
-0.9270167455806582,5.612000315868728,4.814240328612682,3.325000671976392,10.01865534669954
-0.9031919057655546,3.4849293734903823,3.7844644626344803,3.4649928940394825,12.632949146081682
0.0021045808807311772,2.062977353446407,2.9405625058699205,4.893835655891175,1.699618403164032
1.9704018998595043,2.9245038752918697,3.522878527220602,-9.04245028374801,6.827936277252678
-1.1227488243025339,6.137418939668187,-3.032458554523207,6.756142122790463,-0.8648101555097782
1.3137238232592707,0.948532459861815,1.445613717308058,1.5671247097628598,15.705148734554593
-0.8843434803493411,3.8532620624984437,0.2973870758697894,4.278814699851375,4.860333435727339
-0.21448073480204355,1.7662668360243576,-0.17454487656609863,3.7866758102539735,8.21272550739391
-1.0485010985486167,5.596208192103197,1.9731198422238707,5.565168008313411,2.4014523260293945
2.0302372497376044,2.2417226187978905,0.41843423006378,0.970976336863659,1.3190283048508205
0.29452134717461087,6.222852283762503,3.596844172461871,8.889179013516724,2.323112705634094
2.7552790516736536,-2.6013270195566114,6.5289182279114,-1.4322645150962252,13.752937137460819
-0.5888223291762132,2.8842227427007776,4.250929855651614,6.5687451855413554,1.0548598266952662
1.3798260483716644,0.002738927583981754,3.4456043001043803,0.8533842721780314,11.878137453920736
2.123803693954215,3.1894964388626295,1.0669305501882562,-0.9397709665561313,10.293677846752896
0.48050871007672413,3.2669947369645476,6.002460663540131,0.4443612146965745,8.721298859632398
-1.3024925770576967,7.659578730067166,1.393253786323402,3.417252293059692,-4.784857000168108
2.6098762076200024,-0.4406333051379696,9.848066993127688,3.1225973385705945,7.011118520178643
-0.2845111885051186,3.7124985483252875,0.7294293573660666,2.6477750185660174,0.5894362396172104
-0.4589880078760178,3.099802375193113,7.291750761508441,4.531740005465117,-0.44141309750432134
0.7271794789842574,2.4497596375027673,-1.2534629937501554,6.484531647797923,11.707812310502069
1.72307513313182,2.070146877300038,1.6882726591797315,0.6732860916123258,13.425562895228616
-0.742844189738173,2.6704209292285617,0.5685126908957678,12.863950755793825,-1.5746745622577834
2.279865825172386,0.24631725890337153,5.81771981858652,0.1592511305097366,8.674515639096164
1.5181239934114055,2.552250521961242,-0.8138015743414454,9.573047482595937,1.5770626843360656
0.38214736167651964,2.0296826732255817,2.0363446405557486,2.8375314648098713,7.518894995915467
1.026905144227376,4.050308755256742,5.603785106762448,12.914534723000703,-4.243360828531367
1.2133429626608914,2.2826718560850248,3.322820009323468,3.317097542096249,13.226771298339944
-1.1920037314209084,4.61111136668403,-0.03438783716354843,6.259254671039036,3.817677243338433
2.5299949225489793,-4.191993063784271,3.4196789843537374,-5.257106347004069,10.900484815816906
-0.5477127193072064,2.837260859336822,0.9299666515515466,7.48200914477257,4.854487757428396
0.18216223824044486,2.512448232761693,4.425537178745438,3.213930491816692,5.4328853747996515
0.38329660460965786,4.9088233106099555,2.035641896083355,10.043843356005414,2.6852766065840825
0.06106899179959013,-1.6559369468411826,-0.2133167133195064,-5.347971314781567,3.7850192671246825
-3.001406765883822,4.039308817857517,-1.6662887897996117,-1.600185468645146,-0.4089190440947128
4.091720804411636,0.7987374911061709,3.6559189925358777,0.4076310458128125,11.307586521097308
-1.6790636863787367,5.545511837446466,6.868734486685351,9.023681891974094,3.959756512799779
-0.7484782667895173,0.38052650229454366,2.5539897246698766,0.018081461085794892,14.47413260476161
0.6353973701077194,3.274666729772791,3.701523930318579,0.6129998236350551,7.865562677146467
2.265452895733772,-1.4628532208804048,5.2356155396686095,2.240500931748703,11.34343054723981
0.05134788239298782,1.922717124577817,-3.3372412337064152,-0.8037705446068784,9.080254437044422
1.7340730795956971,-0.658755300264888,7.358035974603226,1.694298029413746,12.778203422100304
1.266716599998616,1.687118986556023,1.4956914521423326,-1.507735146066053,3.897688484119592
-0.4041438449099042,2.595147939821695,4.036050738967534,4.2991443063403665,-2.535900646830299
1.102948391684147,5.694426000862508,-0.5681776876569355,-3.7386488508762126,7.023728037947546
1.359279356277473,-0.351666253340837,9.533524137555364,11.475812278155779,7.963686569287658
-2.530036428488784,3.560073719136927,-4.502299286090146,2.8366665630310535,5.559044498709996
1.3723492581131598,-2.3952608297448164,4.212271350514452,1.8569676275763065,5.452272269946858
0.29551251064594863,-1.0739891244356896,-2.6170221201371757,4.263296916711889,2.351500832172965
1.00397282778966,1.5468245306409605,8.714139334770604,-2.688580991838942,6.066370127158135
1.5750013517232069,4.279098878281756,7.952363844682514,9.254078499814964,8.80048252205692
0.7778407092025189,-1.7530751887851965,5.698303994144425,3.8445702628946483,5.376943482675763
0.26118312711070724,5.491500370364173,-1.2291231565568292,4.839127635078478,1.2453715794687108
2.39936642527029,-2.7334958249520445,3.9795430677174535,2.0738804736797967,18.405137408987542
1.6847680603258233,2.251108166270047,3.0382813332588166,15.86853495717542,2.5319782918908453
1.5118334247095162,2.2758906661699116,4.9991060101360905,-4.4831879233788,7.5379009236123
2.184746805854494,4.032990331889989,3.4954192953606222,1.5600132810115084,9.753863594546493
1.3550450692659264,-0.32117232913127136,4.06351649164081,3.269889790313308,2.7897748764313475
-0.7752624551324536,1.6843896152561477,2.9918957089267226,4.485596570890122,-4.464949401377327
2.505693103311258,3.5442423345661638,1.734125841643884,4.369835174669664,13.177362804521959
-0.11218465314000525,2.6728411592459356,-8.776480635071074,0.9936046584492118,1.9082725779261065
0.28264368356668834,6.707010487163924,5.587851576363333,1.7645239914099848,11.774995984507507
1.199880111687656,1.147444297645369,5.953431132551599,-0.7376848538078944,1.7222853010017558
1.3155074567721314,-1.3425520873050305,6.271686495397082,3.8688543712981103,2.72022115290449
-1.464636987294504,1.2532859861317633,-3.8360959058682624,5.156198667434154,1.1852672982934807
2.4887495159292277,-0.687236329812948,7.329224274976713,2.2681642218697498,6.649328125519377
0.3570463073280108,4.807616761480636,1.6002222051389878,10.088112160749553,0.44027168577351605
-0.6627625622502715,4.031367950830957,2.226474832671861,-4.228881515171858,16.02137429537663
3.3017789049294906,1.5253915453428675,4.505393918132439,3.794202854807665,-1.8338186884696528
0.9662760692293728,0.8079885540272771,3.3236058511356465,-0.16146852047347604,13.0238435218943
-0.8845266272985475,3.2840998951445233,-5.43736755625833,-3.8523216107718796,8.64517637388367
3.8675789372896485,-1.8253583356067797,1.4137897878001375,-5.271110216129574,16.58457299079143
-0.5561864271227908,3.9103951836536197,6.486745438395679,8.427869043049194,0.30050480403942603
-1.4656634189426982,1.2773604318375789,-1.4859422442480685,-1.6563112275385778,9.545126633116377
2.6709856283402145,-0.7013142956969807,1.822910744613759,4.272107670503137,4.333555963021187
1.5936157317575999,1.9658418677131448,7.083127169496322,-0.01729071708413521,12.671976011324386
-1.453089601011231,5.771184341605757,2.7688153153097876,4.077181586561321,8.008864685112295
2.9843706469493205,-0.35351391592159764,2.88064845048575,-3.3243081240735304,7.281850958273383
-0.6520070609064853,1.3867785001942283,-2.5592915239700296,5.821626115414221,2.7703426756905163
0.6546611313902544,5.534043965032982,2.0425823542644643,3.7187417658570525,0.8155970559464936
0.7565669851266004,-0.7290795546261646,5.829651556789378,8.451979425307087,2.4474528543088008
-0.3193333354525201,1.9161040771606073,6.275255911316101,-1.9042291972005732,2.7296496800097083
-0.6049046577834227,4.913938368844994,-3.4744252755745464,8.424457856643953,0.33992374103477285
2.97942573467615,0.30358064159938003,9.461933106048402,3.276230580975305,12.75657076321891
-1.5391247085165498,5.736964422395268,-1.1444378093287515,4.513737927277566,7.602572017792784
-0.23132234824461806,5.943483947946589,1.3009436936223637,0.7536697768502836,8.198736140630123
0.0007494731438123514,5.1951913435045505,3.9118782856622576,3.028458374621616,4.217228908124308
0.8880457502342434,1.7568607872148017,6.322683801149248,-3.9912917510316452,0.04421640001007088
-1.4659881636474332,4.222108849016853,2.0098272522009126,7.031284126623879,0.3489367114445958
-0.7126658019357861,0.7111453067366669,8.834986066677793,-0.1566791098696969,17.921802922598175
1.8256636917461886,2.6725496209585167,-0.13452467042514615,4.651300629664863,1.7220954351128535
1.0379674357192652,2.4239432454050087,6.637759670947034,6.709758244885448,10.448360316227395
0.6273343260251166,-0.40053687363448365,5.845965504770283,2.7124235064934465,1.6157177276169166
1.0550144503633734,6.318541390151308,9.913220882017031,5.390932072282895,10.727271906472057
0.0016519553577492019,2.3963648795304424,-2.7710638785426065,3.250220319964134,10.259219418106246
4.633559130442225,-0.7042147632947888,9.877056964498436,2.582532024871596,10.419319466607789
-0.9815357352980606,7.37671261825541,-3.1374785197956454,7.834027735760746,3.886705397147142
1.2177392618949026,1.331945920466549,0.24291789295001753,-0.2889119002116538,13.034194335989381
1.0750439029999872,6.675155702617226,5.156609838965947,2.354230957556174,5.79899096611792
0.47115800326825497,0.5588445119128458,7.285700779490026,-0.3735626954500608,4.5637450754973266
-1.159350446019182,6.69382934590139,-1.6482842297455897,3.804200727595742,13.048180774919361
1.7403576611652147,-1.1515431579036215,7.854989114614194,4.523791689408979,12.088292955577081
-0.3533945273039407,5.093129711068916,-1.4176785134283374,6.103228852324509,5.497983091240254
-0.28728659472384677,1.0479250449575983,2.9265127512769067,-4.136514125060057,3.638515321687583
1.0886039807198917,-3.1077381147392673,3.20569714412279,-2.29440070535727,14.588297366935306
2.3713102953523135,1.5747001257535593,6.306802626542805,1.8739188740552404,7.85866892608552
-1.5544056619015532,5.1639747587309675,-0.10030509077294614,8.860473118287043,0.7507184825010911
3.4164913896602127,-3.6108633114946027,5.011037983594317,-3.368276855864249,8.098039217518243
0.37993377426743313,1.3686861399959205,5.659554139895039,-0.9525695349593148,10.951493756421982
0.12168098581482312,6.40360830695553,4.6610245289691505,-1.214722778243233,0.7102165352864547
2.4642899645412664,3.2398165013213096,1.9487124099087387,2.280483787287361,6.1711891583489535
1.901125283163267,1.2529099149593221,3.533803601970861,-5.000764465985287,4.711633298709941
-0.5002143534499508,3.245617558338371,5.538447938308277,11.86471017057805,3.347443920878075
1.8387286986581985,-1.9227165071493366,8.174493365948509,0.507992175592042,12.042397886996564
-0.14592687647925406,3.71137450391499,2.1265761237619323,0.8952145538750649,3.130919423976896
0.5363514862097967,2.199598771810744,2.9048485322493613,-0.85170855949305,3.828416638751304
0.8078042086205712,4.587465686758901,2.6679951478396,-0.7911510739047651,5.0201329375675305
-0.3004152010584127,1.8826221759216357,-1.9383304984234417,0.5432162275262837,9.5553055290051
-0.057514718757611494,6.117383607333718,-0.23230855844465914,3.103276903215784,-0.7273182187659755
1.9183204800483051,-1.4602179937797608,11.401731833608157,-3.068491842839505,5.8698283589714855
-0.7725800835709634,3.148889467447029,0.6664951100477257,5.111590833213223,-1.4449697003300332
1.6761852619561837,1.9869038771393024,3.90783199057637,-1.0645857806752077,4.367164892197755
-0.8075114731599264,-0.8263445852031981,5.0061417581018794,6.571750072838917,11.379258452899442
1.4354217751117215,0.3325546501216776,-0.06750005933979963,-5.086042241364184,13.544499784639058
-0.7793613834997746,5.708958583844655,3.3116438645195925,0.3561604567108154,10.408709034123367
3.949025988505742,0.7061995378720454,5.7580864637528695,6.490142734397718,17.061886393667507
0.4489068751516312,4.337683502248678,2.3868149520954054,2.9210326664353072,3.3135789415311274
0.2520426225923822,2.680249509071139,1.3332391368413723,4.150347332665694,12.54829197581906
-0.26878926549793625,4.140918040311902,2.919980397656489,2.762306751263509,6.418122151802468
2.6403231761643164,-0.08558556565418352,6.380581883916379,-2.1653991231903236,18.772159821141248
-1.5805837417845876,2.5839634072895166,-1.5236881215954403,2.866198248300786,-3.5767164864714216
3.0920817485655863,-1.0430056874125304,4.82308277350999,1.5001040768802172,5.9626508652166175
0.3758948421833137,2.155605924500917,-0.8539482089125431,-0.1794043996821275,11.0481896408555
0.3487055878888443,2.4274886033273484,7.839776014891987,3.0641294058222415,13.806028483248937
0.08641958744688649,1.6297285523253182,5.454943556829556,-1.959737150187502,10.460310767982872
1.765724176250219,1.4641744888153265,4.969275483742329,3.131773658389444,2.037571792604262
0.5794854056003471,2.8762148538526278,1.0261131449145755,3.3515774571436165,2.408978732283883
2.517423124270014,-1.148916661128828,4.2913288407696895,3.1640935113669766,9.510615441569769
-0.6887092615234205,5.671854138974074,3.243942143082432,12.745368692352534,15.924966342618522
-0.6128047060783487,-0.17025680275840926,10.223768924858003,0.21544686312846606,14.415307795083018
0.8602476123773051,1.726649897755343,2.4987423007098877,2.3140969696720095,3.78484997027719
-0.3510324741813342,0.2586325043672355,5.798937835342048,7.166037280556357,11.294243621745817
-1.0734219975504067,7.039822018579617,3.468971801689348,2.1077853387149443,-0.3714440963106056
4.081947569665205,0.03915595192887045,4.945593210710813,4.426542885548445,8.696213354221559
-1.1995190034909076,1.132018514402031,5.91077216709772,3.9432554836494766,3.6426017499445393
-0.4630445064351766,2.201605684294552,0.7851776451210155,6.575211074095781,2.818070630166277
1.6832318950482992,2.9702225184357705,-2.159145798082724,1.5138175050241882,4.688739844592092
1.1063178258704993,1.5282595310029194,-0.7454386761863847,-2.880227975310095,15.18509922436283
-0.6143264206192827,5.681703095771558,5.718753547705994,4.0577005332786396,7.571206222769069
2.422862747934685,0.07312944713735847,7.291028335052273,-2.6423049021434752,4.74486960651108
0.45466910393962756,2.774682785542793,2.8448446813288095,3.183989226107391,1.938315225094277
-0.02884777012756279,1.4283557171879728,6.38270316544428,-8.049416403180068,12.785679978691135
-0.14496152034321708,-0.7867741573527876,1.5718537859381745,6.743130564269023,9.031596658231702
2.4337123276580064,-0.9477759510053454,6.524966296328651,2.035399626244044,21.004197393008265
-1.2007199888203206,4.833734275377199,1.8835961504887542,5.3064512214212645,-1.4298566902811216
3.525504063939022,1.2968579424548627,2.202352862098114,-3.934907706635024,16.65261615826006
0.040280766301836746,2.4940516553391845,-0.118795921005449,4.313034123708971,2.1491476140577106
0.022157402667203785,-0.2884873378491921,2.024850033401017,-0.5689075263068979,0.9731243582232425
0.23924789180669248,8.48079956485072,5.745384118725977,3.8586177652081872,10.081507899086438
1.3665290936331338,-2.410573286846245,3.4448334037060153,-6.198146223655529,8.395499146844902
0.20926885400892248,3.861316617181286,0.2073735156712888,13.368325833412277,7.215194049888199
3.011925282280128,2.4175093751143475,4.939060651411843,1.2799184468392948,6.319534790074621
-0.4625305568356257,-0.4323745502358054,-0.8131982062960156,13.720286356740784,1.4840156198970071
0.4763576902724673,0.7291530458986306,3.266419813038708,2.2130851852969706,5.058690711406192
0.5252539555889956,-0.45836042650565423,-8.38268914561219,6.711410603177756,5.8281857859039405
0.6631151460156621,-1.0228390406370635,6.553648530612658,-2.5699334609637527,7.339213643475239
-2.8021620450197915,2.1575292029307676,1.042962812143363,12.551081396437368,-1.9388610536770874
1.6471041567287572,-0.9639700029516018,6.896584180330533,0.7480639172203736,5.25994037627647
0.19888018952878594,4.612072574064419,5.296408812791817,3.848389105040183,0.48481120242321096
-0.08566674068426583,3.412127290162269,3.9433293254240223,5.991216230786746,4.73779402714921
0.4466668233345785,0.40248604064942084,3.584065256320517,3.806746552990359,1.1459169965845095
2.5560862094239907,3.426105307750558,1.9324157130835486,0.6309185846693737,10.46602191144887
-3.645430947054576,3.0242482407572604,2.611237017308039,2.475994285083999,8.66946209456644
4.209975134520539,-2.995497087727108,8.949540612816552,-6.728194227544995,10.117455957890357
0.06375037096229597,2.9370418347488396,1.6884470272746375,10.049373456127995,12.06507067830351
0.6505334311519566,0.12520780992132252,3.7304734223106912,4.096266259637922,2.99529792340085
0.13254724461899925,-0.25897262654591024,3.1488936491227384,6.434688694373779,2.148836578045621
0.6785157201878715,5.360272939330795,0.24975982013857845,-3.120313916266106,7.589131384602663
-1.4162554325304604,4.791726771111762,-1.1234475702491853,8.423508931915336,2.4777929997579426
1.692704111204079,0.9860290604273079,5.935915266619372,-2.2468234066002704,9.889164207947921
-0.88484696076948,0.8409472603883847,9.224259429955783,3.901157309635681,12.462719839242803
0.5874298922313073,-0.28188065931297634,6.90376118913839,-3.1829622292081665,9.017728245016215
-1.0286943164848248,4.145113279872237,6.899563115635193,9.61204520509801,7.862127716692579
1.5910069727891891,-1.6459477399699292,6.367913655531948,-3.287117952768042,11.10969354735304
-0.7648502090594369,4.582249606348535,1.8562827051936126,7.836753854416168,11.034768833233631
2.6700587477542266,1.3393224466154736,10.373202721876185,-2.9461701758819667,18.947787574663117
-1.8270668602487985,2.5246608040854976,6.6872075845713415,-3.026549510621998,0.37086755943405314
-0.21103856065563753,3.5362057520372745,6.020503209655763,1.202516473589605,3.3894344262296485
0.4290902077949209,0.5335345518173664,6.384043121466228,-1.1617615775635972,1.920110201424825
1.7286742051503345,1.0301244093336608,4.889792390464429,-2.2772009721744038,16.425760130355002
-2.8681129872680784,6.100974227822526,-0.26792530369827183,8.454923430007458,-1.1333594412805588
3.1094320492866103,-0.901121438471407,5.378629983933303,-4.90371151660223,13.546952980702653
0.015068384959752157,2.0819183151927536,2.9772423163085335,-0.3380325864465219,6.962995520389678
-1.2240327001085431,2.95133356936169,5.032842419559504,5.227802460728602,17.524256248715517
0.12054689193380808,1.47423913395683,8.026161299249384,11.037922474915423,4.4094607220950195
2.211435371883071,-1.576662614641141,6.040736557078283,-1.6652687617117357,1.9145763852852156
-2.016064390271455,3.3503350874839954,-2.7348392700338167,6.33197286053872,-4.525833308204323
4.029382326062348,-2.619893314245907,1.6469171016863686,-4.452847792894806,8.611895745535122
0.895717799784155,5.791854458312916,3.238209648210188,5.910280768187056,-6.791576331910302
-0.8052804713500344,2.3815316564203175,-0.2396418907289679,-5.869763162747228,1.981911867932908
1.991500502103214,1.4558413254433937,1.5943813707470822,0.34146501894209846,7.150612637667811
2.305227527330665,2.843868290490697,5.254010439127686,-3.9254187822123026,13.422240174161765
-0.6603984778170884,4.839918216609449,2.2074896054229423,4.985508580810133,4.794796338023531
1.7885577602913438,-3.1860771982435065,4.844026073464137,-6.440148462029447,7.527623197962397
-0.04036599229423432,4.876697702409682,4.430236195406208,8.685671798371418,-2.189368499740263
0.4674457186320147,3.0172697047710364,7.073147004756464,-1.0633167120173779,8.593053746631114
-0.6706426646065955,3.154319980374905,-2.234477796333982,-3.084174133334878,17.04827802894894
0.16478406231105502,0.3379043590474209,3.1343156495518305,0.7432403823956939,7.749556867541644
-1.2538312126641968,4.374551623604566,0.5877181089469765,6.902777906914439,-7.571907261063787
3.4486803294135786,1.2101392055933844,4.129286310418928,-0.63084099827674,14.918515886787887
0.3015999215719196,1.6238886522399207,1.3836999775260062,6.850863049320345,5.8508670190885965
0.8417159834382903,3.641135171631526,-1.539270182325541,-0.8259901819675188,8.396851827178027
1.457011876194973,4.542098485614424,5.2462321740801965,6.4598383919078515,2.5537353230619866
0.36841723976898966,1.3741509965690695,1.7166588543093881,2.118384539632575,3.4106804772538837
-2.128474449434646,7.2054692029590655,-0.30751100053262004,3.360521743979784,2.6414283217838235
2.093868877755315,-0.16897066924792004,10.1832036203898,2.1487343846669704,11.673856498481468
-0.3167829125123992,3.937958099477199,0.4257979977127708,7.709916376346504,8.681707347776939
0.9226276133455973,0.40174316038367386,4.883160365337119,2.8865911322588222,2.9167058910944403
1.1013079084111743,-0.7717378471827119,7.095667467430131,9.841418608804574,5.905049222737206
0.1589945694933328,1.4131455781481337,2.3774824708195568,0.8136799955772531,7.577079887344562
-0.18977500755313104,-0.5983951171056456,5.782765423237462,2.8370441069498384,7.835282482789916
1.81415158310995,0.5543101759282494,7.452446304274179,-1.080355779711558,14.200268139589333
1.1073715082381572,3.4634294916188555,9.849392704443352,5.854603703016277,2.3311563665232127
-1.1045216050196354,0.7180985009669016,0.22499218126415643,1.7271221740100207,9.915295226016317
2.6795803262195412,1.3480894727156516,5.620077761074412,3.3308044333665823,8.928697293913098
2.2527568385721706,0.23782839844733394,6.846702741949745,3.5183260651721318,14.20450602388777
-0.34073221046997704,6.044971812915889,1.1185792864517583,9.893669353227507,-3.015662029515631
2.4839294859009957,-2.7324597365471024,8.18177373017152,4.572564532188963,20.073451986303823
-0.6305607961292898,6.386354321491262,1.0251613295831323,10.198381963149831,2.301754535922906
0.3304633748582251,3.232855652015082,0.5887088543322372,-0.8109607186288299,3.891644238428478
1.1643976883157503,1.9206556497497889,6.227482282878068,-2.9054359851900475,-0.4151508220572597
1.1427566379161198,0.9372162479401613,4.508540997690597,3.3866308262032536,9.870696987618146
-3.2559829515377015,7.000703729077712,-1.634821842330917,10.259109949635482,3.6902929263086848
2.639408514003184,1.1262802436767867,7.077673726495815,1.032292008826306,7.397096454467492
0.3227928232458104,1.99351073245253,5.433598860994447,0.20028423032322862,1.7651969628899284
-1.383930874228407,5.4495528829936735,4.7074685549396005,-3.6712109812328086,8.774919334887242
-0.4369796066311853,-0.28473949823337064,0.22022675840590944,1.8444873826061166,2.8478572451642385
3.0700782221366074,-2.004586884253447,3.1044701932053758,0.18470189640559465,14.351767570003684
-2.048163417352778,4.136023041357463,-2.6326081620603174,1.9926604349976178,4.362988322734321
3.642472539461738,1.485956950043379,8.623279411394323,4.2106386286144115,6.013133777170156
-1.188453515269777,0.49977733503792066,7.516305696228419,5.01654673572904,7.932900818983248
1.0245759094203597,2.3288657970021047,5.405841517706952,2.3202525818059923,11.551522062759382
-0.01237570456847914,1.6833289874420367,4.675907812391627,-1.583749884480521,10.516978509332127
0.6724368386319014,2.2298749383112577,0.5934671381492953,0.29523941085546257,11.83308743833976
-1.98914704332915,2.1303504278338457,-3.386165593076342,10.437504800803714,6.587843222291399
2.3540283628020338,2.723958938944822,7.581067087037519,-0.6375318900646016,20.281384335281036
-0.049193471472616324,3.4576665120806487,2.2589028874355863,0.3081404792964848,1.8115089002074451
0.5053688529518676,0.6107042753939522,6.8986311167188425,-0.8908343891353958,7.380567566533909
0.4277421080865885,3.2429625724420545,9.657582803662947,3.819631295454302,5.034035699476487
2.4626962616125327,-2.2104413547086637,4.201715956343869,-2.310280325353864,4.434624845485244
-1.7185769280967729,2.0282651662483944,-2.014211334279957,5.878780233118791,4.705573542227516
1.7567847381672497,1.0838706308853538,5.733075453362147,-5.894795240264832,9.374472502836456
-0.8988430964053777,2.487668796858531,3.928591872760861,5.648286825912661,4.554951428901448
0.6991483055206842,5.280358970264604,3.9363355074421964,2.9308714643620006,0.15666137311458028
1.2793288926851711,6.055567100103813,-3.5741707208428712,6.638178820422866,-1.0789694335275724
0.46359970502711445,0.4245733557446012,4.594529900013522,2.865553417303489,3.0541702786490292
-1.5539383789512369,5.996554856361486,2.183006645661504,4.357968252198596,7.099897864396318
1.4191340474531138,-3.1451481563235353,3.882260736401958,0.38926123447949035,21.288297041626826
0.514888325967567,-0.0671449174047829,-0.7012250363658864,5.288768612195142,1.9762370663384996
-0.7358369395736444,2.896774624346865,7.325864657473133,0.541088682229534,15.671743231188039
1.5694496257275554,-0.2788973675865192,5.119850627392803,4.603195795540421,2.832739934863816
2.3860510675187108,3.5441480909710856,6.055375274336044,-2.3684700880115286,17.210457601354427
-3.0237139665643937,5.099867186309858,1.296908556813885,-0.4629110265808518,8.558308927868032
3.2890443934873796,-0.8776172966633029,2.1505865451115307,-1.956914551223905,14.327510881145328
-0.2500386966304867,6.026888652482477,0.6959724316833704,8.234007850510638,7.436844078758511
-0.02002988254929905,2.944199402526069,4.586245341226917,-0.6579320926196393,13.5806214809855
-0.9385721154449436,1.7311096147088887,0.972840666590735,1.3891509380517273,4.271615185683374
0.3600786383929955,1.7201238558530199,7.854233999008853,-3.1354114372429542,8.648140739694288
-0.8514769388579513,2.514508074401114,-1.6775189725826696,8.317461887735762,-0.9393398752836735
2.2254185360412326,-1.4882518637035143,1.3353726335186282,-0.5808916077116946,19.88586406870026
1.3850952216217929,1.9795031425748484,0.5858935231007985,9.614881278025287,6.688046196013859
1.7158893050299362,-1.971623653354976,4.404688911816942,4.463177286540061,12.912354743573221
-0.1953213262255069,7.705460889481554,0.39695631407778387,1.706923192275628,6.036578336436604
0.9939138071248643,1.2596879499964426,6.032325659470538,0.13896682667492,11.387187318554652
-2.1679507365784887,4.606894246638744,-0.6051632526805661,8.425821061728133,-0.17176938237793093
1.8133739157985773,0.8271668425099108,3.2715586654633872,-1.9585999797800406,10.361210917094517
-0.03476797773510398,5.317594928384575,2.1401656713880977,-0.6829213764077349,12.64649879243644
-0.05432396725436339,2.7314802960571125,1.5592921641478417,-0.467845418654977,12.637887997042816
-0.09269835574950092,2.54995653664114,5.8222574984753015,4.722707345801013,4.435950315557782
2.6699969507570245,1.1010516251138573,5.495829583643051,-0.48996862199610813,13.281307488901646
-2.4625374489993823,4.683174627049129,-4.965461358400503,0.5572849647574931,6.859418909055298
2.7094829224027572,0.19160514932708272,4.600696398559949,-1.6244509017981636,4.6560555758417586
2.500069279323599,-0.27328146405990483,-1.7097104274313475,7.031622819647012,-3.0841799349939034
-2.1220042690294263,0.8357118169836097,2.028822399880873,0.008515227839863915,13.191296257703854
0.08266936956043647,3.7885977919046887,1.6017006966716454,0.7376844307029535,9.189115638157949
0.7059553675514048,4.3485909026081755,3.9241170662721836,-3.8733754110322094,7.699204348620736
-1.4175325923476514,4.397351137351031,-5.638663741243391,3.54461956217905,3.208777568027491
2.1470559850744513,-4.408263568408959,0.12140590782709326,0.013992267416824689,4.650784420009195
-0.3397050414418643,3.6878639114872973,-1.530693622401311,5.391748046714281,3.5448762652106636
0.2381654509058284,3.177293838453794,3.797339470364826,-8.259178324829572,14.294898965090425
3.0015720988250645,1.742984989582119,0.6006849970804844,-1.4166898941000028,9.944124583005015
1.9893222895857605,0.4930734473842413,5.799077062255291,-1.542116584426895,11.258716123192066
-1.1308026186772624,2.457173349863086,1.7912116966749836,6.690065605283397,-0.7092529533776093
3.4384261084715395,-0.7876138873229757,5.961097997081099,-0.23327772288198556,12.2700538551446
-1.4596922157919126,0.12237977116775656,5.7848354829506965,3.7196890657854755,5.271806101639572
1.2817680113098744,3.33667699356608,3.3794195117477983,2.931475957494437,9.408702407083494
0.6290676888455777,1.3493578516246751,1.829844489412907,4.496335440009077,0.8825209426453701
1.8694910710072155,-0.4819251907340536,1.3282633329185431,-0.9754454684162557,4.698421705377426
-0.21035447270897878,3.1607360158999285,0.8174992412402946,7.184994193567087,-2.5316972668199025
1.064241910097054,-1.1539909326631157,2.410094534057586,-2.663696469907929,17.144650094734484
0.43251170008049833,1.3037526521557565,0.7838809066731127,-2.4002136655010347,4.553124150286133
-0.05085041622877484,0.19845457805017164,10.202094655440414,4.449154367783672,0.893131532244908
1.5940646237682983,-2.6181271318338313,5.227354239940842,5.776662446827813,5.602527598188339
2.389673338562325,-1.1299909321441872,5.966020188461172,3.030602668524036,6.097650800486992
-0.10143997033277641,10.304206872733518,4.842756692199883,10.467105224991286,-0.919256962586414
4.305794459297949,-1.6367350063335395,12.955073647793862,-0.7918996646085206,19.77426783138446
-0.5012015603251718,4.857181319106846,3.3847712602329585,6.810947691089622,9.669195459258368
0.6515500831493157,4.691804632462418,5.14179915902954,7.309655155309104,14.551057264336785
2.037984752712716,1.9566752902727143,6.25218462677841,2.2171464269610874,9.19220842384415
0.7906337610496365,0.6718568669344709,9.019979306719476,-1.5269670272125402,10.256172257593565
-1.7109167268290362,5.379962746311378,1.4691719012111686,5.523354446396198,-2.412820423132639
1.848053768494112,-1.4205933695807111,8.083116992425285,-6.7331651500731,19.89667308236056
-1.9752274145824753,1.8902939959334348,0.80845974109617,0.9450793084293527,15.604238566590666
2.159248580939944,-1.5716350272266308,4.751653088528254,1.142259374569658,9.166848096628078
1.9861360355482518,-0.39607731789349954,5.824920549986318,5.6249170417461105,3.2284912446069556
2.0677242806159644,-0.1742240469044105,1.1987926724519216,0.21791801127599042,-0.12395517304027148
-2.487779147563116,3.0410726688164607,-7.691903340803487,7.9645312852524,-5.939725474491107
2.610533146726575,-0.8614989922484741,8.775374105009588,0.4143704526745875,13.806358376043326
-0.10171866726513734,0.38156156184140877,2.4713290277735895,4.684525078065689,7.489514080417609
-1.3496968309983646,1.1176759814487771,5.84172487672285,-1.1499580662163078,2.943158208929901
1.5663386665919834,0.25101584824001555,3.78781929220047,12.716709703615974,5.4012948627128035
1.4424886639394943,2.2562522855553198,7.293999720025056,1.0809095172671919,8.0575357035362
-0.020630170062377218,4.705039084775756,1.4611890215442265,2.8182144086382768,2.422883864295113
2.0280126300038255,-3.8206546446156113,5.2154391228663375,0.6011933041634121,7.27604588352582
-0.4028197707057204,7.300579356924804,-0.5292205602341674,7.462647584535822,-0.7444517649148086
0.9074367930554046,0.7402166550235543,7.417560806528558,5.423589748526361,8.232082485847423
-0.3094665433128747,1.7348542489544543,3.366415345174565,0.5003055205815801,11.283340842113814
2.2733491515080653,0.6440727159038182,3.340336697608646,-1.9397886412015666,11.42458535778084
-1.0782194794805502,4.737725953818401,3.2641852293109026,2.9862778177342597,1.036999442489913
3.2446131605604673,-0.6983491457711717,4.829805345432308,-5.596672103630741,-1.8413478107930192
-0.1279815716378243,5.668839066072929,-1.252773987380144,6.730393538076826,10.143032957673707
-0.41692920012948687,-3.1054184385700947,10.136281803728535,3.0400449124726197,8.543782767788267
0.037529869787178205,2.204479671328857,5.185767706786028,8.967250989493827,3.098668195665532
1.1221586647143853,5.617682113298553,4.8206443746422245,-3.0897224119193685,16.987704155143202
-2.1106253741402714,4.88060223233845,-1.087899610978492,7.965576196160059,15.335576789942367
2.555311718232445,0.7666711548231611,7.806075271930044,0.7426169004222523,13.10321398703195
0.16284404415199383,3.6714741039289382,2.8730089933076712,4.277399599015878,5.087562772955422
0.001487569719937909,1.162031025532315,6.842140244268853,1.77592237869428,0.18030831020869398
0.7923241410977666,0.34072787257025783,4.615167790343285,4.193575740723212,6.988071706386246
1.159311783405773,2.8105028278771984,8.70812909855902,-0.02349811715734118,-1.4144793398048838
-1.4957705524570082,4.937521359709677,1.839935535469826,12.95517002683327,3.5624161848093157
2.9464888175136155,0.2670385576168748,1.9733340252157545,5.312626391359377,11.948438029777153
-0.07927334334872405,5.6697078084533965,3.7881002193379167,5.107845769240427,5.795180544674845
-0.4551000171292132,3.088310811125536,6.738109135566788,4.234649804629148,13.439921663966343
1.0683786032896847,3.7409370859052578,0.514900665355805,4.683649250390324,-0.1269633509525847
0.6369825767585771,2.21192023907198,7.316959702404772,5.528759716545324,9.179277922052705
-2.5042621444311477,5.4128563819704185,3.3085225588608256,9.657011167944336,5.578365749838817
1.5006579450657065,0.4930217914638959,5.208458580694092,-1.2554554434173246,8.700287104418232
-1.4489139746618838,1.3813840083829816,1.8426017388637945,9.711282158835111,0.8186552686910658
1.501092114947749,4.630540802829055,0.7831837924775575,-3.052073060488419,7.959833674194405
0.7641743014937089,1.3870091348035891,2.4469803050481826,1.8514074784410108,7.953016296884859
2.467104934547149,-2.3054797594435383,2.7155849926593145,4.7716796791353575,6.878352224941929
-0.14520571375786995,3.3896891956253867,-0.144117474099152,9.15165523074849,4.732256534127375
2.0013878220443826,-3.3730738696279894,3.3496741058075106,1.0616760305315438,7.124492009790946
1.4778493585346182,2.1331165450872467,-2.5620717862643243,5.583552125674135,4.320343511415649
0.5385923764812663,2.7774159654456736,5.872243674278456,4.5377099588927265,2.8645134085971984
0.757479119001202,2.3397032248808496,1.8661250447218318,2.1532520086683418,5.840846678882372
1.4330286466252802,4.25708352455077,5.472804513018745,1.1440613491555798,9.55323758095851
-1.3940694993489624,3.0790183032501925,-3.2762362069930475,3.8443535302785294,2.951187974079709
3.426706344814605,-1.3274036714938764,4.698780457239,-1.1298757488964855,11.979165352274759
0.2686859653333087,4.454555247502564,-2.7939482228716592,10.5623893556142,1.586555038578352
1.591874666603648,1.7214290370885745,2.08920654656664,1.2012018244633507,17.657212371655774
0.2755363329789544,3.6490129354860574,5.077230831089365,10.568116019969938,8.665008729804162
1.615909021736498,-2.835072410181133,5.597249713077346,0.8982890758750246,0.4211729838972116
-1.0868926385451587,4.866528705368456,3.183603637486446,9.60890601681886,6.596387188072665
1.9775465913901136,0.04156393731572994,3.7695543469410135,5.180915285781216,14.136312830038912
-0.9680613603193148,5.847531612031857,-0.8589984132329391,7.884921947105314,20.18513008190546
-0.4812145781713639,4.981240834485469,3.51234997578818,-2.663418193992007,7.685752963816087
1.3698605467859812,1.5146531652274056,8.327945243236734,7.226358804324216,-2.4927072560490204
1.6386986311567187,0.05742968671690951,4.5160599913942185,-0.7748876724998341,10.461557427919953
-1.5328403904033436,3.0976097864334466,-0.6367934574196896,9.707584488065503,4.8455417357226285
2.2015566007433165,-1.2168471604861741,8.377746591452036,-1.1725501251543253,6.871375058071445
-0.14863588218004797,7.239838507471374,3.636815137978024,8.251321831143613,8.006360240315633
0.3689823884132859,-0.9722670376870641,8.805857892419954,7.729069822064755,1.6599248493964198
-0.32575882579221616,2.1378581198562805,2.9752527297830635,6.436657896014511,8.734310478591716
2.426212200678364,0.004482575815028422,8.051043903962661,6.8625622397097645,9.774568875972495
-1.129366738948805,6.447456900370385,-1.9712896711889552,-2.5658726409520747,-0.8526654025826992
3.342714591748378,-1.6355072557603771,7.710244830416548,5.893374709340115,15.766545184636074
-0.9967843173934146,0.9661454085288053,-0.23799961262144176,4.3542053851768445,12.178482509983768
-0.6023063768543692,0.9555005403390004,2.1549662789839257,-0.3415538074986033,8.91778327437865
-0.6877465481022831,-0.3393532847248122,3.608718915851198,8.086476305380614,12.313873173033201
2.1797817240283113,4.172915470431281,7.167735466764774,1.6929318635813946,7.869585536619116
-1.121579621254872,5.740533318862717,-0.9847975157866922,8.952684346392827,-0.5803189479765831
3.7251011755194585,-2.008759489720463,1.9883054222398058,-3.6100906119807554,21.463046929568485
-0.13998760892122553,2.6550368454984934,4.943797783774681,11.286570837399388,7.996899708747827
0.9633073771798177,-0.18351292711948064,8.876794730256538,-2.0292622581864004,7.7988989387100425
0.7139697160619776,4.263259712665366,0.4558855513797019,-1.5939631759847073,7.910710186660194
0.9376975202708171,1.427181378750334,3.123019752113852,0.7715044795409067,7.009607268722695
-0.11464460799979204,3.867627223691676,-0.33883204719276927,4.584791814433723,-0.9225217938000774
5.626906407873442,-1.5167106402101636,3.975454983965771,1.5185140672125863,13.555377670586408
-0.4336684286452368,2.880773970810145,-2.8873123074705074,3.4492459048356183,-4.273634430328131
-0.4568131241077982,1.4054848548181749,3.7462693325650527,-0.5670695324651569,10.324422590324994
1.7436489417332277,-0.9386391870237247,1.55031864018688,3.1376792539274247,-2.4602750569960454
1.3158672547043355,4.558201940710256,9.677321322126115,2.5197657115623198,7.4685525008128675
-0.8042185950814718,6.438392296110635,0.3458089390377519,4.690446264843184,-1.4768225000591462
1.6001258666493836,-2.2893104625760694,4.877930862399855,-2.6431422229819375,12.19218224630722
-1.296011254463419,4.357700206422896,-3.5629353651699986,7.769998463900385,-4.224393838072696
2.142224593961421,2.1139424072349953,2.860328801154182,1.2904757657017654,0.9488892125584165
1.352744365426294,0.02247054470785015,3.345618821408749,3.089552608580104,6.797347620129431
1.0671020848507813,1.2811600626795043,5.013013322513293,-4.61521781383689,6.994929833302253
-0.8651298073954989,3.0051060718230307,-0.005153374375826747,2.2850483639156773,9.714147453567822
2.5748006741017604,-1.3214752863028276,0.8529643991223113,6.268425760811816,8.637510773656507
-2.1630411068586937,3.482149116870132,3.261216787278167,9.325443476019599,8.383462084042417
1.2677429928586936,1.6281251696611918,2.3319416664150054,6.268550025113381,8.012187631772306
1.7694015348594743,0.8341365841211243,-0.016165139137115814,6.642811452826956,6.846749822227457
0.873387254722595,-0.3906453770139309,7.193298985291751,2.8450760280206744,10.61913591539447
-1.276077570447194,2.436160617597782,-1.5484617446906106,3.38040638778648,7.149545153554781
1.8608355936659813,-0.4944942344847201,7.479832305643487,-2.685457190674487,11.305834817678846
-0.42562973244267455,3.3482077908138157,1.7680073742580997,5.0459861164544915,6.586391678156695
0.34525601155193786,0.33568758578072355,2.4507731840541265,-2.58853802156789,5.542962252767742
0.532888026465095,2.486588735610736,-2.748089130292322,0.9457020141561441,5.3566871965844225
1.1169578372754014,1.8257111518223403,7.749283772756919,-1.9277884622029404,12.982606196053624
-1.4539900879768015,5.763583340841134,-2.5589117371873806,8.038965259362723,-0.8229477381307042
2.148300232203821,4.068382535870157,6.4720191430626866,-2.397622696944047,14.462198894336753
1.1706002844853034,4.21267365735308,4.268344162289638,8.8927854851243,0.9759659696512151
-0.7021185845457565,2.546572249305732,1.6565053941903531,-0.8884671219370586,-0.045899749023231795
1.7204831857454357,1.5517102144625365,-1.0784842996821513,4.156732709804802,-0.8286671509224697
0.16331671752680976,4.065390243348451,0.9418377798336437,-0.7083318183626015,7.414784434927743
-1.1788285645008831,3.929913231455925,-0.253401730575495,4.5407565294782035,4.8593609373342534
1.965180672007399,-1.3654390042863813,10.077256752417066,5.353549569242578,14.365492094598526
1.4728080645642334,1.3604139338806172,1.5529900917090218,5.397399363769058,2.093924232913592
-1.8492168046739619,2.491042250207485,5.683372164952361,0.914819658463871,8.522170437552585
0.6409504328352471,1.8638820620280838,-1.1915589995300595,1.7218153101504075,4.654441278423377
1.5481943782762613,3.609791430004293,3.8626037798641644,1.3448621663468705,13.46977521257578
-0.5119727387694502,4.117034753907176,-2.2962184700702117,6.409418984949731,10.98002394430871
3.117308553134711,1.0433743040972647,2.146805068199219,4.853825359927274,11.637666656271985
0.4783119372238851,3.7165423343132336,0.5016675467510641,10.634621800069162,3.7807369359941285
-0.17489894781170645,5.355219505364506,-0.7879318948650642,0.5484651600294175,6.856798755817663
-0.82060644428641,3.3847713070459626,-1.0332156270701633,3.7893686407245935,13.544468863661058
0.7962076847606805,1.2129169042704497,6.029589361815553,-0.2610772973863513,8.455802941888805
0.37135806460489995,4.485655763243782,7.135515806805083,6.615796563288185,-5.239136524880472
1.3619185714610116,3.7506985322546713,7.050687926081968,0.9252336227079532,6.7791792082313975
-0.13151138908888704,6.493051473363908,-1.3239052253628953,1.9682176751934277,-2.93507605874745
-0.46538717105475436,6.047061499234667,7.955465742466917,7.908720237995103,11.847205755768002
1.1796189809805453,4.990198314284541,-2.3167470936086385,3.918705744085092,5.81588361451595
1.7213732677293434,2.130979177161665,2.982837840356194,-4.101595027219342,17.041364562474623
-1.5465448619315088,5.51314761509896,1.743836261802501,11.740466127049812,-2.3061638227493364
3.500785948256919,0.465490417460487,6.655668140861547,-4.82722276992609,10.1955890032735
-0.6120090743678104,3.5015541954187066,1.7953111430762225,10.984696740437835,1.5881885463159466
-1.8374073516704341,0.5439107273202533,6.6330531749286745,1.5247993660665693,13.68427208617818
-0.5471387887062806,2.6793938017064844,5.933119841878826,6.754099735305505,-0.1245123678989335
0.9999757378850935,3.025218947325377,11.740078482711173,-4.524915232763924,9.465463636903754
-2.699747061502525,7.179432958964897,-3.7212125630729735,6.642428029564657,3.063650681094787
3.0318659974570634,0.21033886440719307,12.958035873410713,-2.2771966477263152,6.44330032800783
-0.2019962789768236,1.7730417672647345,2.512449718081055,2.342116690081685,8.534605131980953
-0.406099098655303,3.068858288957681,5.023919667884796,8.790544489664706,5.4454201734900565
1.7958718476708158,5.58013461060785,0.3476865357795841,9.713012608567325,8.208069115558772
0.410973366802293,0.6863580195091699,2.717440027065922,-4.341086578581466,5.2885140562929145
0.08167888448782312,2.845917811473239,-0.49836158976293676,9.91421656698126,7.6314836533673684
2.9624148267357517,1.110025913593701,3.096126466717453,-1.7887800405864231,8.519844926147606
-0.7700782221217986,1.650790578089761,0.08642123938042734,6.990428832536896,12.749109826011024
0.9329344662980557,-1.865652481479211,7.233898208917228,-4.2805457927985415,14.491690126134824
-1.0048323969790114,-1.0311434228132663,2.7509796880474413,7.173249811513193,2.9710464043041354
0.1684367740952648,-2.7534123768000223,2.1776664741865126,1.2434603048791297,13.05068768594855
-0.6465428470064407,5.092658133683479,1.5889428058298547,11.9284649783421,-1.6012362274095215
4.520925951984738,3.436451391723404,13.693789461668857,0.03470300492601197,3.0292604835058397
-0.38178756647123946,3.772897882935033,4.636377043634207,1.4099145177614416,-3.07054962316341
1.9836162411430385,3.092887668762178,3.782596779226281,-0.23910772721794427,5.064667679021362
1.1819436953079399,2.3304705636387015,8.973582335712157,6.266904204977086,5.964840210251554
2.47697591307032,1.223577428930141,7.378515248962368,4.497895300560039,11.149215589836441
-2.0906795444079473,1.1468015925232629,3.980430315383836,6.818147569755768,4.095546545526238
3.183842125331078,-1.3086768961076465,1.1787026209848932,10.264272989275392,12.261951957703877
0.2397191531263172,2.144316586687867,8.401742024730243,6.079560898631248,-1.7075944917223673
-1.1123133024041938,1.9858097871738427,-0.6282404346709649,-0.4685447282487245,13.258902037159462
0.5169666845955823,5.273453559759808,8.272312555446945,4.076975423127645,8.56913073431245
1.4296857386574675,-2.324195070195172,5.752019354320285,0.06341163628696567,7.395024553555216
-1.9005086223346608,2.2504648304678856,-0.8034191402017097,4.592516249081303,-7.03355365776029
3.135117197363696,-1.7341831851822598,4.524559110057837,0.029717670094409954,13.65801074202507
0.6455078046483582,4.93166398909549,4.032826532447227,9.472645690146637,4.903424675745952
-0.02637261335629748,1.4163511087504568,-0.03378977220501134,9.026879703742184,10.244155595929822
3.0090836792406987,0.6327185045358621,0.347823727486374,2.8616001747109117,6.639340080095975
-0.34596010210073147,1.2639126240998275,5.921741929164121,-0.8470774772183871,1.0576696255083924
-1.5776761390668272,6.826948862307216,4.869656652391926,7.403754469243781,8.911208339368793
2.8709060246531015,-1.5126310876291755,8.227053272348249,2.467880595715,4.841937842374773
-0.9143147828829927,6.7467645273927435,5.401977875264306,5.126747377685409,7.258083438377597
0.7759231551983885,2.966805492584787,4.280277543145628,6.407367538913535,11.775994666172183
0.2542754519900874,0.32836910918870266,8.062223813790157,2.6660440557314606,5.636789722526838
-0.2596295465294076,0.295958086020381,5.350116913090883,-0.24768120619256973,8.663474071777802
-1.5626339717826516,4.4406752021742175,-1.5596798396962828,9.041655207674397,0.7892995588005673
1.9902754830146387,-0.6602990173588033,6.783622112100696,3.5133057688820255,7.560305677341606
1.4099639960240318,2.890386926264666,0.40700977931068816,4.921690108046356,6.631457441772725
2.5347533839646292,-0.07434674209204695,-1.1858145672143148,3.916529146679086,4.980445434689722
0.8393026814461362,0.019805545770534616,3.2941171058323486,3.080358624636834,0.1680264401983278
1.1865703123728177,-0.13773381593230583,3.9478829846315735,1.2981630441906145,3.3802905556870817
-0.4641101935425245,5.9532064936918445,7.575882456204832,16.380339387832723,4.014537082007633
3.2857604197324424,0.392874707423414,0.04188355127091237,-3.5595325801222866,3.7636181243026896
-1.2083370784862473,1.2140403106195519,2.6703955529512395,7.740920989753833,4.681318910460488
1.1437834113431644,2.0977040494630166,7.884085016577515,-0.8542736819019057,8.148454675942993
1.1514674478610702,4.269039238752875,7.220688176499653,2.748268853973024,2.1869153281779043
2.1201321898864443,-0.9105412527346961,7.080532206589723,4.449310810141842,6.47199064035303
-1.2958444520664103,5.977754252606739,-2.2189774042327968,8.271241830810492,-4.324399278995747
2.6857246700806456,2.0501624541962364,8.492800544084064,-0.50884854364707,5.760905795101406
0.6494470585715983,0.6410421989204391,1.303815731665831,10.08962449915976,0.8610020987023967
-0.33212945095005697,0.9378271621025931,1.3901075960163733,1.6638544399549757,10.159499770827667
1.4757340062291395,-0.884851885394522,5.855787069406421,7.74341986745128,-4.359132959796687
1.895810820453877,0.11677656869696906,6.663364681994911,8.27966656248228,8.568046681009399
-2.199690165926974,3.690962216131639,3.580943932659969,6.624866448370055,-5.1329755343220835
2.659769427831038,-0.5851152598915648,5.979335122392015,5.313150646838386,25.00975751882313
0.6454528258373802,4.3159105627006,3.42009099427158,7.39854508357059,8.892158973320152
-0.08558713878285396,3.8299746044203875,1.2770052488224752,4.873579520057861,-3.7474667490882445
0.9352396803880142,-1.5832921548338823,2.3966372023808766,-0.24379038341574066,8.911660897605017
2.5854551651310134,3.1144428170667675,5.2792934435749785,2.864675840734548,11.278900177913105
-1.0516694426854087,5.435534749627857,1.8182006906330268,4.761239566577913,2.7507943283736913
3.8739270976660842,-1.2869405235170515,11.196036455419275,2.1919673915626117,17.709438037782753
-0.9819570891862391,-0.8834018456246613,0.6576508335428675,3.481637394520183,11.458104156470633
1.4841930471572256,-0.2227766433148246,4.589277023326646,0.4204873858315712,10.056447206892148
0.9295317682114486,0.989604822958613,5.136738715772154,4.49480580286437,7.5799566494041075
1.79484852308167,-1.974551326964937,6.820937853697279,-6.0860175511611905,10.361319692648284
-0.39912937798830095,5.494445407553231,-1.4220564881654298,1.2856325719893253,-4.808244332886254
2.5008584640169556,-1.9662372681900526,7.466609755746317,-3.821305663765498,15.448099104349883
0.2947888154729541,0.2926871399767277,-1.6751526927947284,8.479133579533748,-1.8831709162255794
2.2505983119989503,1.855521113141409,10.501397688821415,-3.345241281766883,13.843471875180777
-0.7485641838360135,-4.096310247764964,-0.328953044393568,5.5515240827150345,3.76974201486107
1.0001826594428347,0.548065300865169,4.420623492034668,-2.172903159319783,15.189415162577383
-1.9177421434474238,5.996919075226607,1.7059344157359182,11.313819417093294,2.0954180189334033
2.934069583228548,0.09590215829835236,3.243390727054959,-5.874208774225674,15.03506276799516
-1.0295492336490217,3.124293838109464,-3.9171131660473506,4.604866241572179,12.925015504696633
-0.7392769217390541,0.6028901952744452,5.015918391430416,2.644437905537885,14.377730375071996
-0.2544901412497542,0.956026800308948,-1.3629923576059308,0.46113582902837535,0.9783611785636565
1.8996056469133917,-3.233362231470278,10.834194471329052,-4.356990496445106,7.743614715748233
-0.7807884058814769,5.4897305549920095,0.8655557451049183,7.087756528249432,-4.566409903987497
3.1561857307504244,-0.11812113709132888,4.834521036854316,-9.94505459764678,18.161964207260585
-0.3131390634723772,-0.7221048507433949,8.70471909078065,-2.596155733044954,3.6462452003255157
0.2043029420431488,2.65688129191882,5.502189614935002,1.9098293645303808,10.452133530837296
0.6435918636702131,1.8916689426460969,1.7004627424488308,-0.7565929906914404,5.545329095518219
0.2604307201178926,4.188380992401659,8.958108921177377,0.4242968717139952,2.509424458478507
-1.059471206214138,4.1943260724590505,2.8672381444391353,6.502146200113684,5.024300741365124
1.7956818901415403,1.117275145377394,7.186979800673665,8.232050929433525,16.612691281787185
-0.20167440490282706,4.586406050763226,0.4747661776650711,1.7556593807749425,4.429172966781035
0.49349849335212603,-1.7874170903475517,5.450197084751235,0.11557739237893427,12.494785780134773
-0.1883801742839506,5.022157926090845,-1.2798730142574384,3.652128870090097,2.471813298151444
0.9158297107596679,3.8574858185434353,11.165851445923632,-1.8539614370859194,14.04312279412995
-1.9811333342727315,3.8237598497096217,2.8405409109577326,5.60768074992056,0.4717527728852744
1.7797604048564164,1.1009629759284687,9.74017575175664,-1.265159571860762,12.928021166517945
1.0297176553512524,0.15410101912644047,3.0901750259182696,3.450410731476814,-0.2865763078497918
-0.8533002514187016,3.103888085668276,-2.5820825254286195,3.138244023180262,-0.45875685492042306
1.621087508942842,3.9284676317724427,3.937102152619479,5.546826036086792,12.189130999603343
0.6711428084360949,1.882039423011922,1.9551375970016125,-1.0033643702533759,14.667964799112251
-0.07833350610915124,4.560204510415616,2.0103838147531294,6.5545311642627375,-0.07354538734920535
2.324569139569173,2.3113225658757486,9.678892777177598,-10.996900833951655,10.38622732531608
-0.8076575403668345,1.1343369893402888,-2.5878846621456795,5.009288660914058,5.65431365637755
0.14557556589989118,3.2298550450053543,1.8460924782232824,-1.266858472723229,15.729040995301498
0.6217414490294174,1.518037824145825,8.177421800216036,4.428055956470856,6.347869717717087
3.2019335637926316,-2.164342964273642,3.243093078643699,-3.6697919509692145,8.795701925553491
-2.0371510925206806,3.902272488321074,-1.8097153129455978,0.08129934292155605,8.000023134999013
1.9192990048355605,-2.1868430125178913,5.815354401667452,4.626936346484433,12.252327975623711
0.3543436182183528,3.4422048162847005,0.271741485431372,5.188828343825602,13.608558679344975
-0.5234668349431205,0.43867022138885203,2.243976679848743,7.325562727318589,1.1014380394700114
1.1549810777456548,2.0931335923150343,-4.546564761697569,2.5692908899066573,8.073280682367544
0.4990813204796669,2.819828673652218,4.961688402079805,2.628715825233364,-1.7342596875991907
-1.0086711704030438,1.8959093513360759,2.7600327152821884,6.859378689651965,3.0827201022200383
2.6045233293093646,-3.598430684512529,5.053117654728315,3.9004518128741505,5.982547402009305
-0.9726523746981676,1.6040389396061197,-0.996088410951407,5.959665820899885,-5.904235133311908
-0.513242903648775,-0.12314567564284973,1.1373210286900226,3.424493639336672,10.285642933775113
-0.4285645752764824,2.097838726806308,1.323295686283144,3.2457001326712986,0.25087422510146173
2.526656190785829,1.5196917169060338,3.7244980533532037,4.400486528163552,14.604769033191324
-0.46861748424836347,6.24136027232821,0.6116920271118662,1.3174779866675697,9.805629390939602
3.0185296597300413,3.611355940930074,5.670537552732286,0.043203032219004456,9.035836290609751
0.16576083021385157,4.099880027994779,-1.4547765994522923,-2.8861202631321996,5.982280969953052
0.051799965492400624,-0.8847055258302929,2.043970171415617,-1.7918825595528038,1.8861111625232359
1.2545933599040253,-0.5106743681420496,2.604570680275273,1.4502193002333663,11.763004710205227
1.980965231744945,-3.977895719289851,6.814397844126724,6.864919373546024,16.54883384463599
-0.19957093883662091,3.3361684680204924,8.374194901645733,4.143195297135438,7.519713546815051
1.4371227358709717,4.366044842911647,6.605099449573034,-2.410305086357159,17.350674089103858
2.3022234520138536,3.0644551862070006,3.4420306608439333,4.180879408162076,6.245717630829032
0.6231361152175827,-0.6581257849418529,7.684196850824716,-4.382117614429358,16.946135288548167
1.8329732145119086,3.6564912616736596,2.316110699492288,3.3779259980921954,11.675570047127996
1.8861625589810767,0.48361933050805894,4.923004568355751,4.148514856483863,25.663469129332622
-1.6066218981920097,3.460688279096883,4.607127982947306,7.043533359180097,2.972485464328684
3.8287461930614515,-0.903759378601136,4.261757953422132,-2.231248194931214,0.9502919446916085
1.3269330720758659,2.1045712082187764,0.921428998197874,4.017784318351305,-3.168484182893827
-0.24078018338368845,3.4613740576514975,4.345077771198902,9.23827500641524,11.355399802470865
-2.0585315402245263,1.9775252369641836,-2.2040626638248817,1.6479128139661556,8.340886269418828
1.0610692162983382,2.136450009810667,5.94268930400179,-2.2823684622587805,15.338458005685226
-1.6024770621285178,6.07967661719197,-5.377215120095155,5.372139969876027,-1.5649876931454354
2.600873289471928,0.476625828765473,3.429560657704729,6.973392182037157,7.269172079258464
1.0077821147975012,5.75234418994824,1.5056952023374863,4.507057074760541,3.6836525654535057
0.2154051311025842,4.546768386421638,2.019304331797966,7.276658839904735,10.706969620651495
1.3307077379413437,1.801603415044429,5.242692262491727,5.578364846046044,8.602838032498926
0.24450629544955316,2.0467604426457244,4.563828749954805,-0.3122739579672622,-2.1341809654436945
-0.04315514473350701,4.637007268765634,-1.6849157142582427,6.753449138282818,3.852429921783323
3.049691999877323,0.36384400836477804,6.111385050211133,-1.6488305099731662,13.052096070406584
0.5967341059029716,2.5592706391034525,0.3423090418662713,9.792582525053877,-6.896757400300419
0.14083309255715104,4.435136111017426,3.1844254006602077,-1.0204067157698486,5.625724056817613
1.478922087039092,1.5114014046870232,2.7711476631706327,-3.1900315092328784,8.585464759456547
-0.24082793656186485,-3.49448485339601,4.141589359647695,2.15095393621048,8.833252439093222
-1.8445714837052531,4.607236614159596,-3.6127649682828276,2.7087305062545703,14.467151820026084
1.8987054312203582,-1.8913672769963052,4.798277800515125,-3.326797869465457,7.4732015987953995
1.1272248879657625,2.3648733645470226,-0.05567881107264161,5.295161038935801,6.681441908368478
-0.4425588522681658,0.5394544151734655,-0.825492765412041,-4.328445930855041,12.271136374113219
1.5807077459351258,2.296814633885447,-2.5877527950897736,-1.2232840878284392,7.4485102109460195
0.11281216450280684,-1.534045424149573,9.67636409365017,1.1235082104110639,16.8060030495082
-2.099045518168124,0.17596667167309787,-5.980733833846325,11.99512320671972,6.566159415403007
4.649165768462799,1.4648819100616075,9.986919214357044,7.906503580414515,11.121756047293616
0.7686379305092805,0.8494644688082531,5.126928765145197,12.16444073141859,4.25598932484037
-1.5506211492096391,1.2590932140294786,0.6838480865802463,4.556537292239772,-0.624673817123544
0.12751063743518765,1.5070166828939977,6.833485203516865,6.803193721736703,3.7295693939226884
0.46759477680104344,-2.2874670154245607,2.058664988357786,0.05024831162999854,16.7546020502944
-2.8891318013077747,7.389791458629336,-0.058254629339483444,8.51810959704704,7.077905468108785
3.1298885133965246,-1.476862424209965,4.998042474483692,0.20078036453513448,11.300867390559585
0.019592557869617222,3.032658643769719,-1.757740452667892,0.9981536612733721,12.149666689676062
0.9120628497084491,0.7443229502679538,3.9661357221995113,2.477293446001466,9.095001309929764
1.5253824443767543,4.429575033653661,4.863786125862217,3.512084443426972,16.24736311995663
2.6089364595938127,0.06143059763217962,10.314842075588409,-3.8130152219269293,3.971028132225036
-2.9116394702685326,5.943125842250264,-1.479375499539521,-0.4850580257209942,10.532214236784524
3.989802043387746,1.5804888246334334,6.178169357365958,-0.09957563589499063,2.099905402825769
0.8454860098294696,2.6653285660292516,5.413325118026623,12.867159160409248,9.20601706866035
-0.34251698953428966,-1.7370113812925996,4.893363786598838,4.131940316683236,12.70169182299644
-0.08253970471086802,0.26296220345135324,0.9368528055023582,9.71439597134918,14.381172869301487
1.3818996996959856,1.0227827889767604,0.024131639291543383,4.242883869655019,3.7113385841272066
0.5028030526545031,7.390678142679052,-5.068168092338369,6.5796878017859886,4.646771758300899
3.580606328558724,-1.161732288495568,2.49863141832604,0.42625378010121295,12.751769504249374
-0.8765712481939733,4.999581355787321,6.220111881950197,-3.066022076151598,5.511293749988431
0.25833789279089325,0.6704686194773175,3.9415221124128,5.172915469836596,5.066137089961384
2.1216453407476097,3.3170614719901534,2.9822808293053016,8.043091845375322,7.330730207119704
1.8080053039465376,-2.7667313093623775,2.1945583144177268,-2.7941554839767493,12.184002408093706
-3.0344931243053206,2.6460052211460905,-2.3591470310803855,3.507040036037818,0.7121619230942944
3.8174082083430276,0.468110726394114,4.486288738544922,-2.851482227930848,23.598784176437917
0.34073223377468875,4.274756484066301,-2.2610884969219587,4.9514024423146985,1.1039995419512378
-0.24583833387735587,0.3309979147044868,0.8688467860891491,0.1667470923865726,9.138239263403754
0.8030024505202724,1.6243432708625027,5.870171988361697,4.623279217741397,2.0890254505436685
-0.23205802658941632,1.2284893534944208,-1.1406225641628072,3.4219353603575895,14.858595521001309
0.048611604550154563,4.171823788864262,-1.0812798987904615,3.3886220114386716,6.282729457282171
3.467324498670956,1.4799957921631846,7.072357507483176,-2.2003838084000615,15.498885234853281
0.7802865460808865,3.533975148688441,2.8058524142137857,2.2462773983844357,8.909580811091878
-0.6326233879684847,1.5557160051323409,4.616822157077822,-1.1765462940515055,-2.250100457511841
1.54774158316863,1.7203904786189432,-0.734313699148943,3.2375774063804914,-2.4517442882905396
-0.7289807113631752,0.10000803373163936,8.797966967525461,3.971073177318071,6.20258543578068
-1.3837839185840761,5.999707262381268,-1.8415518827130306,2.001147603412694,-1.4973738894384918
3.1899178120291243,-2.3059529843314395,6.0305405508576655,1.2078499394777609,13.633698122282656
0.3550160538080813,5.874065124875714,-1.0841876432449613,2.5771616538926345,4.552044081165238
-0.12111362587554153,-0.576608986988846,4.637966773934331,-0.21180098586265084,5.648627847467662
0.1135507240226008,-0.37999382351980326,5.484497160554708,12.291287523097543,7.878386494179209
1.8947024560597558,6.119082202854406,12.149165068780075,-5.250910285917486,8.753118194927193
-1.8859903514716905,3.2530533563337456,0.9042292474808726,6.210953309039644,-2.279972204744995
4.041342943174047,-1.9349839686773038,4.148736681524641,-0.940079575585564,23.228973120326817
0.29355223973909994,4.97483967039319,-1.04512046940493,6.240530876098949,2.4473503929689358
-0.11215868477623336,2.449199569710003,3.257910032545793,0.34525012398723565,2.3245794955495045
2.7803292258934116,3.424422726470408,1.799288907463093,3.117524530210741,4.335623427152573
1.638614516379675,0.3614460027407842,3.14690834170016,-0.7517695680415324,6.5131677351267525
-0.49728447742849125,5.985279206464163,-0.31518762998240346,14.367254576526571,4.076574931309349
2.5041078344955374,0.9453739130013101,7.406611826800491,1.1417756386500066,16.195121821816908
0.2511714082319103,1.380365136764397,1.5678734032419517,-2.0369123982107116,3.308382262551632
-0.9025023762536855,-0.8087767722168668,1.7460189841941836,3.078032134115682,8.661327033603882
0.7501871691233423,4.325939751873582,1.8687738613284903,0.8127882571195548,3.0708606126363067
0.5067334567182176,-0.6779428298011407,9.850199314925167,3.6311496281155025,7.054554695792735
-2.8495001838905214,5.18652596798324,-2.3904908661086406,8.583833852074047,6.368201755548506
3.3129686128349745,-6.034110635724838,10.900591780517074,5.304232576389179,13.535881233754253
-1.5715181080764427,3.952162561473891,7.042620740480749,9.03561436777716,-2.1445407582551357
-0.24825866353315673,0.4114031159726408,1.5230887251839607,1.5038280988523485,13.525446000137356
0.3075887911113129,2.3540306641389845,3.2798272381984663,4.902047457099557,8.261849366258506
0.7679402174209058,3.590775830572219,6.054012964796976,1.6446557168388454,11.320606928896545
-1.339446073356951,2.070678580180678,0.4172185536498034,-0.21640549888575178,7.97687245116561
1.7503606236850513,2.59288922066563,3.7660043519553046,-1.6936005004301737,15.795516626911185
1.4258175603691894,3.4713408411935536,0.5805511670744925,6.2887393691927,-3.346593402423891
0.5113029782591156,-0.5210985005950848,5.732771557565627,1.2487136804324344,4.023789420306801
1.3097206288257504,-0.44234930686478835,3.642883167446298,-0.2513509462268182,6.796414797417257
2.168636811444001,-0.9146807992216581,2.615063306041668,1.3917735537077665,9.691100547265002
-2.8890405511473096,1.8413486652148365,-0.5882490097172142,3.071179530812888,5.120449773694075
2.275903662352137,0.8047551198150718,7.66980794969917,4.162009283435754,11.434922549360524
-0.28230716599486516,3.9954178067855732,7.495018392476108,-1.4951370003334337,5.733722117039641
-0.36426222239105477,1.1806646654341204,2.759413771519295,3.310528270149082,14.295986780367246
0.8026972021145818,-1.0294928137167019,2.6913968818611904,-1.457013966062993,6.272900175882204
2.224971249526229,0.6881061554574266,9.430967217234791,-2.405981962584506,3.711306053568703
-1.514438825935961,3.6859694866135477,4.091211578609148,9.52614014219576,10.58786644362712
1.5138885889123093,0.03178587456046822,6.43978502449694,-7.12422621621168,9.014417662025954
-2.071817650604871,0.6276434580403831,1.7496311597293712,2.3536118714809016,5.155717196365169
-0.5233095266088494,3.1740513305281692,1.5013078454491575,5.081778500993055,10.830731314880518
0.2559459012232107,0.596250339332633,2.704167290218377,5.937435229538605,1.686038099727537
3.069660691872409,1.6838539204907426,11.661622739206642,0.04095282281553381,10.19128680403724
-1.7880639138977066,3.1911279627996696,3.9948184968409524,8.74258040552749,4.468254482565888
0.348485307492862,-1.399860141186482,1.2542201682816678,5.649950340374167,13.995234673005436
0.5237706800302846,6.173981675234818,7.394895335220403,10.766244812749424,6.659104543386691
-0.8789749579523984,3.996843139632247,5.118357748466845,-0.5046429604294342,11.67361724181982
-0.1362341178517501,2.2908959898320465,4.314751471674907,-1.7590367315319542,5.408424300692474
2.09424238077022,1.250439925885466,7.566633960199259,6.585425137330803,6.26855021242982
0.3250421979835414,4.676442664234356,0.9543353748458232,6.604793609593729,-2.4745112754184797
2.788515461174949,0.663229693123264,7.9478493595440005,-7.565827258249054,4.1151530495902495
-0.49121474918876307,2.4462332949276044,3.2584803001214153,10.923970014614598,8.958993736259913
2.5358792432225576,1.4738172402214036,4.018814438094562,0.8797078825233391,12.214787128480342
0.510083391909299,2.850143178139838,3.056999363792541,5.609405858831749,7.430172542720182
1.6687398888741323,2.072195341864979,5.186585056404555,7.697092767737996,7.925420058500511
-1.9237893257732213,3.2430807582776486,-3.261062258245793,4.985045246318169,11.18299657849621
3.1160837680290907,-1.519883137956896,6.101865043877172,3.259658869691351,15.872614119042646
-0.6313720208194391,0.7072965508074833,2.5718505308285247,-1.2602539845054264,13.379705599190892
-2.3931836909827613,1.4755174276664356,6.952534650363194,8.427303708103755,5.365549450130938
1.8277539478805434,0.8678184995039206,-1.6475905001731386,6.420608035232679,6.549977587555262
2.0762060794559605,0.8183148941706422,5.766167970859111,6.153199346677627,-0.2639932829086673
-2.2028632158672528,2.510919077267249,2.2966540197801595,9.616211800738693,8.630417659714508
0.8438648159696194,-2.860732420013495,7.752762251138143,5.6157655669105395,18.2246786159913
0.8828743060355724,4.378469964006602,5.126982961992898,7.29547723135154,3.425232380169968
-0.41050562344201946,2.2522887114924948,0.30467186610025054,2.6502172660006003,1.8136296846941842
0.3649523567454266,1.9501555970741877,7.257672169019468,4.8982025134392915,-2.856126729017908
0.007053064004318044,-1.2914556099230385,4.367338181930983,1.4171841061018222,10.735949080034786
-1.9027261223959695,7.735709231019598,-0.18395509935159415,11.141175638230365,-0.7826021385337079
2.2260345556511067,4.29735953413815,4.030922422279291,5.404180313014823,9.754225953130067
-0.2156081614570703,3.809011200395905,5.411930611416086,6.217294247409029,2.1112276021467675
-0.31502963941752493,-0.2315659991683856,1.5121286857069869,7.167510297996218,4.136136331980079
1.9924676784494038,1.6801103917756142,1.873733445507104,4.380458264817377,5.065610029375759
1.9519519791831945,0.007781206144394259,1.726717688556456,3.20095868253677,6.306063588373222
-2.995388474534634,6.674453961320429,5.423438014068299,7.999513342430685,-2.5478668173158816
2.883255378886338,0.46212754247732635,8.05357689957446,-7.380896043093544,-6.526599319561765
0.41192264617245233,1.7828425453563734,0.236212059651703,-2.0075297031628674,-2.5405181825662115
-0.003024984605234704,0.7377649982042116,5.208692717585512,-2.794079294397642,20.435882333248873
1.041693728011481,1.4079738879518864,-1.8606295615880184,-0.1696288165869113,7.623797757011567
0.8693491009850844,3.7963836226270233,4.500665478958316,-2.061958795209076,2.7318260325911172
-0.2636335215647385,6.663194783429036,-2.853731727781073,7.173330249235292,-4.4932073153535885
1.8236087765136064,1.767091495178997,6.967566030517289,-2.9777971670502654,14.81068580827946
