I_1,I_2,I_3,I_4,I_5
-1.4136352836391666,-0.26633962641916176,2.8876193228878946,1.3728844287521218,6.330288777222607
0.4449992205686172,1.6993483957899163,6.192421729535143,1.444602041565167,3.1302337027572227
-0.8525473702882231,8.166062927639334,1.1767392447331515,3.857926256692121,5.827003579644517
2.704281619910523,-0.54939114345173,6.772778619402537,0.6805321298986566,15.406413410167993
1.5791495387171521,4.17228625279022,2.126657478068604,6.845538056473013,2.020569064407198
-0.02998592644229836,0.6260760356211104,0.8314282218532261,10.426475315991548,12.268667752055551
0.18992867638726219,3.5317473185343387,5.012875016205521,0.7868747635813214,6.967878923233436
-0.3500598602975622,1.0032798093038584,2.1471325677377346,3.397726561174264,2.903761526404976
-1.3896255366150523,3.6528908279397725,-2.269147749294873,4.44574058291518,6.838741447654607
3.4439145339806716,-1.9966186652171531,8.965359122679805,1.3797700332927931,10.532114731811282
-0.18292929530195523,3.461860269732063,-3.6335563207454644,5.213191321860302,7.503031109863428
-0.4167941082568144,7.874604637837271,2.927139826846995,6.698862587285133,6.047786073241505
-1.3352443383971067,-0.18050971333523558,2.8073833034988067,0.259585045081022,-0.9455888502633136
2.022223083497493,1.1001012252719884,1.9817199687312987,0.12189430258651557,10.08654695698458
-0.7718411242556202,0.6111302777779288,3.272670655715443,14.146092453386915,9.192830921204994
1.994416051824096,1.8530352557835297,2.000790909320064,2.723008987912511,10.850824259476285
-0.41381762774926767,3.439012102628583,0.11579841360385035,11.008052146907039,8.579767405043189
0.11134272596802908,3.576836882642731,4.348796135797453,-1.8474685382277687,2.543732429454667
1.8996116325809593,2.372338801002883,2.382578452710941,6.705915032801615,9.875988980706493
-0.4062873086170906,-1.7672204717099673,6.3210973007054925,-0.811458659755858,5.775764507203547
0.04530597879912479,4.113780041413682,0.901243272250956,4.82612532647261,3.344713856709101
2.308557037829893,-1.6157515453582785,11.857749425099264,-3.716273959060022,3.4928264807251646
2.440411151216428,4.146506692838456,-0.5681225583118538,0.06399893247386923,3.6630203547621445
0.6187665342088122,1.9273715847969428,8.726345388888422,-0.12862505486343334,18.776160985085593
2.1426392162948114,4.062477431648469,7.8075482523452635,3.2095923563463815,3.049086421738484
1.3126444416395355,3.00644165471759,8.011766696381928,-1.1323848520659654,11.492990735868464
-0.6868254098079787,2.998974726527338,0.8256634734611059,4.913079655298672,10.770414377841899
1.3169653362755835,-0.9751446100009111,-0.25757304416337634,3.1919587900873125,12.382908881310012
0.2738348144287166,5.646863890195099,-1.9391334719609674,-0.3692895208993694,1.9952111790444353
-0.8756858462203312,-1.4971842875438335,7.538788446099829,1.201796888604726,14.003154030719704
1.6787495761827778,2.0111607117375505,0.7758562510931143,2.134658120550534,1.2601604488962854
0.402549167887164,-1.0070587030295939,5.3007270254075625,9.499394356447851,5.436429500107655
-2.4631464944419688,4.379512449907408,3.5554469878128168,5.432630684236697,-7.317230444662998
1.1310970420380055,-2.3853225591798806,3.3413025506299316,2.263293201510937,3.9134837953991957
0.2657104450491441,0.7616855034017551,2.2681949749316193,9.16124078629785,8.605860509252045
1.8700000393921363,2.7025209902475136,0.28299027838886737,3.7127606726497864,1.1097340205706103
-0.07988565961382066,3.7903570924432883,-4.485459466294865,6.5264355871186535,7.339635476955178
2.097169457817907,0.024855848652292067,7.6055185456919725,-2.0553277257490024,13.805300457229354
-1.9320548859716982,2.1572451418744683,2.6629632642407324,0.4949417701279706,4.6897713099718015
4.649356170332076,-0.4157168812298462,3.779458347894467,-5.972988414589525,20.492272533445473
-1.000627919579651,5.643440159580244,1.8559533766432101,3.1995239535766373,5.1269926272667385
0.6079415336825549,-0.8015086360570933,4.07713784070844,1.583409191033529,5.537157005970739
1.6435471402898307,-0.7232558495478081,-2.3766011342812283,5.471567664057028,10.78056682976384
3.276281952870268,-1.7316171744660591,4.696324383610312,0.8349763655543896,7.866745511313994
-2.0670677111333102,7.38142237486621,-1.616187673444227,12.01828018524561,2.0281503604733007
1.501786024654966,-0.9894620227710205,4.200606061301813,-2.5064100200779,13.546230028581325
0.957873430466049,4.170977136822064,1.259439892915675,2.406883831826396,-1.6881458327057297
-0.8259205785703287,1.499068621606729,0.0576989166960411,3.272546148786034,13.464400246647038
0.7714388687074161,1.0074761930441245,5.6982617761274055,9.921992815385249,6.631422601856793
0.09674746982845983,0.8205176498585509,5.720261923429607,1.956389440182396,19.455531775021022
-3.194683312083632,4.384888839142707,3.137738116003366,10.080174410019946,5.00117264172675
3.488033593358225,2.2610633433335767,10.135057433429223,4.783262320690248,9.332483134307402
-0.6260757829405764,2.387800870567741,6.088996785367581,5.13425618842355,7.187899702179643
1.649415542592223,3.8264533970108325,0.00038926443012354817,7.749655240110055,9.777043402559483
1.1109604639831745,4.118391634402753,4.702581491073975,7.987516083513304,11.504462136405099
1.354835242944119,0.8376700007866418,5.196283079106188,-2.280946761250985,10.428951650614998
-1.0630127270072518,4.146723575972759,-0.29997582598981376,-1.1216649497660414,-1.2768558428336618
1.3724403857650813,-1.9026879118275537,5.700348733631345,3.129067025058955,17.740212769942524
1.3334163564497026,5.897713584359038,-1.1548865368949714,12.039749793170024,-5.239019615682039
-2.1631760066192283,0.005414961490913361,4.152967770667848,-1.6113369887832554,14.44198442350665
-0.0025259582022709726,0.4068123853869825,5.457831471285248,7.712404294632128,-3.6226612240580436
1.6149443997532074,-1.5073423069228895,7.07925507295349,6.170505838489761,13.998868969460045
-0.7256485574835021,7.380341798640689,7.051948010041919,0.9820098560419459,9.788966674481765
2.792976822146506,0.7544140619225619,10.120385859702326,-3.5583310946076434,7.843177620278809
0.64469167186026,3.6128652488565454,0.7137679730153961,5.423672129294413,1.4023123587107522
0.6304420928410432,3.4772880044232575,3.6540654849220737,5.739063755815879,9.887915536392676
1.701084914643788,1.8067475391002878,6.137017268036989,7.245011814810072,6.797687375858673
3.3459452316863016,0.33109920939757376,7.193497726452082,0.5764979181030254,12.649826218730794
-0.6581475344823913,3.8077634394461626,-1.25912631801045,6.552151811794767,0.3072123171512291
2.3147383949879368,2.750833574907303,6.325779257304276,-1.2980319309396435,7.702075810121264
1.3934833317461905,2.5447320269137927,4.012055991321533,0.8289505495055145,4.421833685082462
-1.0308694705577002,1.8656475553092502,5.603275672733792,8.00502359093715,4.895584396026168
0.06378555065741687,1.7935776689634622,-0.9359166719107841,3.318186508882094,2.8249512349092774
-0.11556384422134114,0.7681129331966681,3.438990762818206,4.462299022172111,10.793916395540514
-2.659577378626077,5.444964991325763,3.034502045138075,4.561592257710491,-0.9198005059369563
1.944731803545491,-4.699099355361322,5.300146273732592,7.178969888310595,8.098068813191334
1.3793498755369502,3.1650638314301593,1.202294189084346,8.05699303373198,2.8513932156487787
2.61022629176148,1.940164401539128,9.684163963288752,1.7077824251473617,4.531928823621998
2.2409942471963635,2.088770478984783,6.835393786142921,3.156942089660478,5.367279161415146
1.3215828809801067,3.1769014203160895,4.2011522954961125,3.518954911677313,9.092020061130565
-1.5378565014832948,3.282590613698863,2.1750820336088146,3.7297462847716094,9.598567034543546
2.05901871612799,-1.5289947080926394,2.185980147458543,3.1266613736387203,7.409919874869855
0.21510383840662328,5.466607069039716,4.85557018766175,4.738629513823327,2.9063478183652913
0.3666613042387592,1.3477746763322964,9.231447917460995,5.243614705664923,10.239622653101256
-0.08108584286769105,1.5137989477191005,3.635853790295921,9.486135411526277,-4.0719099150948415
1.1061151427090123,3.5536740525416883,1.7520632753454108,-7.066545207487884,4.2631785482521485
-0.7126071239424974,3.7145136445529907,-2.4804938852642255,4.383723071828504,0.6771569474366914
2.0167501739817126,-1.5450466553721836,8.51251614518396,-1.7439145746225435,1.4809351328817604
0.46087847748511224,-0.6822420201325909,-2.698373027102148,15.780753274069877,5.3914228739450385
0.48239319373225564,1.4784306250139139,0.8602865830336606,2.7289141772182464,3.062516789109858
-0.0002745794502894139,8.233131154706086,1.2821360073971624,-1.0275210159184018,13.10445673152296
-0.2008583115510607,0.02956599783361935,7.586100917141028,-1.822291092071434,10.428875100173151
-0.2424716409525094,4.008302817709815,1.5000975221308677,-0.05144645560827277,-0.6255911309625373
4.147292847989171,-4.129182797023656,4.6700493765510265,-4.683675249991842,8.933978783124932
0.21280549734376009,5.0279842832985455,-0.9520575291992773,7.729722787531201,11.42356969075702
-0.9406712396764514,2.294334425688477,1.4713243099448579,2.4603617360424725,18.746434199026428
1.4068450306092555,2.8449048978774045,-1.8051843435318344,-3.028955191818329,6.4190848783997785
-0.7736918261942412,5.50554915107735,6.01971671714728,-2.4709590758609936,12.180208588192695
-2.1537312975096494,7.416220945529668,-4.336482553907303,7.960076006632535,5.999256740002087
2.3935301626314986,-0.31695312208825355,7.319462303924842,4.319285503110141,16.147929404793594
-0.7937742510705212,3.326021579749356,0.47826141160175184,7.252697892715285,-2.6385410762852404
-0.19607899369306225,2.1127596551934897,2.363292616501975,5.020858116752748,9.113810889482252
1.7915613426877488,3.076008881878235,2.9570274355540525,1.5218662750237404,5.4247185718343465
1.0798338877011617,-0.2880580822768495,5.25403664274648,4.441161105352922,3.769402754111391
-0.08727446442437792,6.664430514779593,0.6079760726771037,8.22423464188219,-3.82509872142921
3.638398304414187,-1.8118502306770996,11.024670163407823,4.420846794129254,11.438932305523926
-2.121458010263867,1.0244501029262516,-2.8066252478116676,3.9376516624125086,9.016987336207247
0.23919393255813493,5.594957700143304,3.164902652881441,0.21623887370095263,6.062401308457289
0.6343462886057005,-1.45078285259163,5.904958700448924,13.49207730407174,-1.8266810809546752
1.4974162134288005,3.528841914039848,1.3455244661342936,-3.314005753875045,3.4173205977302663
-0.5041553201370059,3.9830264960989314,-0.23866106854271774,5.998013445385782,1.270461487944298
2.526372574697869,-4.186483282931924,5.840951726107237,2.203443723185412,11.20776411244912
-1.2690941433561902,2.435360873378545,0.4172347351802117,0.17061280384821997,0.19872035848032943
-0.0911009345747581,2.453913274077495,6.481889716941927,1.3816865957044842,5.224124638888296
-0.6681732200381754,1.0580655495613631,5.0457517902968165,5.967424647091637,4.082721208762694
1.376012067370084,0.14508181257780306,2.9993884628242724,-3.4719233662045843,10.436533447406887
0.7201210667822888,4.6649179726368395,0.7159036782283561,9.982744774382068,15.483272057831007
2.572786190003487,0.5550315911708257,8.996404813336927,8.123135411403336,13.291329487258853
0.03604062700103361,3.319787418160961,0.13357818665000476,-1.1186441444034696,-3.5217267234531615
0.4587987054542839,5.766696632316817,5.727438931311241,0.28990979544113227,7.331686196950656
0.16990079939955094,-1.713860073368568,6.367024494971328,2.911089459048423,2.184874449390517
3.554341496551035,-1.508140286259542,4.418708930583897,-5.198927949608886,17.877468072438774
-1.1781751454474023,5.890358772024205,-0.6537657882943906,12.084296274140872,-1.1534626778441903
3.096965601149674,-1.3349891485926584,2.8343238156491584,-5.034465111014838,8.06647495972047
0.6334482344210799,2.0570110632345893,0.7780056081285314,0.590990076988106,7.254272712768354
1.516087907472028,-1.9423440908528393,1.143643686133307,-2.2188769693295938,8.216139474376883
1.9248938962000823,1.3829319464704581,-2.075396818326644,4.416170608252894,5.9643741503028815
-0.2877855565620624,2.182188166092126,2.331931810447449,-3.1489214898867615,-0.686676267041249
-0.8826913725970122,0.9514657223375393,0.8996519750220617,10.542679188807634,-4.103597252100625
1.6820012650586587,-7.656192018447918,6.31401619944657,-9.566545216843197,10.846191350773907
1.0671261101374465,3.855914172931506,3.761591850367922,-4.26804014304014,-0.09443160058300859
0.23895867002070226,2.631526520547228,3.657938702243133,1.877507518652072,-0.5097355462923443
1.356181022342339,5.7943704723225675,2.130168098374119,7.775537585124653,11.152040696163537
1.2146426011808389,1.0045542080866465,3.4197915548054296,-3.2478671381774733,16.168862120437048
-1.1941422374841664,2.4506111628097456,-0.6954925316344025,3.1812124869695366,1.8595730857463795
3.1252783907128694,1.363046521107659,11.110612135588894,0.6847428696591198,4.471712836795476
-0.10679538106956787,3.4354038120744343,2.128358415344775,4.914617934987053,4.1068731766047595
-1.1041260754315882,2.437200233745877,2.93062272645707,6.648340423831959,2.9765767873658504
1.2040812468865665,1.825744711557132,1.186481646901,2.8410649335860017,8.830174558687954
1.4704884969907548,0.43521800552855816,5.25261954830588,4.53868185500128,8.140211622486055
-1.8662272465235916,4.043208125190361,-2.479707704710515,5.228363927778615,0.005977059864255008
3.766306402701491,1.1358273562899708,4.600117147765323,0.3568661550700236,7.86135141525663
-0.32003306580661983,2.548349976034416,3.5547631090562737,-2.4474807164175765,3.5478370339379905
-0.14730115384167664,1.2218644943364856,4.885416498776813,0.8302171947810293,8.453047499050056
0.49627855245287733,3.0154452165853356,1.171404093921488,4.666137116824343,8.526778150154087
2.3907453928364326,2.070589686108331,2.7623695587379142,-0.9481987833867964,13.75338429195542
-1.9138673339766987,2.041265371069699,1.2762737972994507,6.562079331539428,16.61247189925305
4.501706851543389,-0.8276774055568854,6.849824245320727,-1.901245108025119,10.584421921543434
-0.19545320553293544,6.449626733411929,-1.3945964437976806,4.983661918897966,5.573865746357728
0.06825810530235632,3.463294632667182,11.428796920082466,9.428994408643074,9.56117872462854
-0.1290750907221112,2.6688384346952736,0.3940707660546744,-0.5088731359053762,0.9233434600331719
-0.6377336444435684,2.591035112267827,0.603160664346523,1.089520354255714,16.06275792502049
-1.8275258727062322,5.783194628358808,-2.3589806228608894,14.777874460018145,9.289755957713135
3.001983665817599,-0.5450831125331219,10.405454130901102,0.11091156432175975,12.07910191450777
0.2172173588121118,1.1367781241329078,3.9022098252514272,6.521200638242904,6.206561820598062
1.3805804290449921,0.42898747322336717,3.9439887103820195,5.021192477294258,8.51908466280297
-0.6858421467924256,3.311994198011985,-1.6562377339774728,-1.342480188178432,16.16674085391415
2.308707278818839,0.4137636060129817,7.132709031687402,-2.120422332856337,12.446298416062728
-0.8775050970689688,5.524334000275713,-0.36009303038675666,12.219299889492968,-0.27105020657361933
3.879454468031148,1.0387724860583125,5.473984930525424,-4.154682705824014,12.079975273782798
0.5461158375431485,3.1313795553669674,1.0417357222522148,7.702054706126234,1.2556799839029964
-0.45219270886747187,-2.4722438636888886,1.9710805599762056,-0.9601240597883596,6.5355972563766755
1.6335907972236405,2.9095858838331963,1.7956609049603574,6.068439803479767,0.8105799058742769
1.3573176673710297,0.4858874363386818,3.2053485633684526,-0.8886803826688121,5.9321405589194995
-1.3636612764050922,5.478649036577078,-1.9148377275210997,6.463960357335626,5.575947409404888
2.300232620787742,0.40112934169342207,8.033184973184287,-5.046716347377476,6.2848879572496195
0.7414674553980187,-0.8514461173793839,5.003296809498227,3.0489643116968406,8.00869990175863
-0.5675460793877163,-0.4294507687522833,-3.321612488898839,-8.850425576130483,5.317357211050524
0.993986410056543,3.9319866531582397,-0.22991388845729022,5.809773605761826,4.21928830201284
1.834334570060563,-2.7763778453669623,3.436613560628297,7.240272935974599,12.634668960045989
-0.6074540756623525,5.6866311642943135,0.586539675743341,7.467502244365837,-9.283705643508663
3.081256516567281,-3.835987604741348,4.634527371002768,-0.45941941807193665,11.324789986009618
-0.7023416596889075,2.798277683199952,2.1894725034536284,6.553583205168217,4.286382441761358
0.025396421470813113,1.5521208710839558,2.1530176394442426,0.27950943870175626,-4.209396584541073
-1.6179957390071968,5.164679438873234,-0.3581181475702737,7.522285577249084,3.4241299845022497
1.4927671776146691,-2.513603493207561,8.931746518663921,7.324765598901377,6.80953760674452
0.4470108483629325,6.130760931225742,-0.15896393431620703,6.010171508757486,-4.52519963561592
3.038917934547985,-0.3899263457394535,6.576131253908141,-2.1261069624802618,4.306714718806015
0.49133245222532085,5.081533535546392,3.646419077018499,13.014939570592933,-0.3837353352383288
0.4476692915744134,1.1509214173517472,0.8248932736458128,-2.069921039054542,5.603491556654209
0.9260807051742577,0.11165380736308572,4.578734432971879,-3.1503132836896963,-2.1987203747751574
0.8851491518981225,4.500776581383707,6.595987647786732,-2.87128731106655,5.8654395897172265
-0.8507583519929831,3.383775905853141,2.7324866085714246,8.276083628101528,0.5753113458839638
3.6818056542915714,0.25412191771736836,2.9205127769944053,5.051011932850109,12.422362616869425
-2.033250262151678,1.9375579835648644,2.393237320380413,0.6938756390644174,0.7390025534192368
-0.1767573609155988,1.4570134568877475,-0.08502389690554102,5.969319869567405,11.309175946160297
1.3484819085777435,5.074591605021416,2.061673998101665,7.852616224346722,3.9220742766051355
0.6491742190179925,-0.45111864445226013,6.9657051175381985,-2.095292717642984,7.250348566142831
-0.7435417384245073,5.143952218337731,1.806645116547378,0.11271208963619861,3.809683357279423
1.2641478402290605,1.8618821658800542,6.053710255025335,-0.48276758355662164,18.69288286958495
-2.1921812719604032,0.5056898658844082,2.4165784133578203,7.1734962622168075,7.797597046071425
0.39713071111489096,0.4621237189862961,-1.5314615655284758,4.034268167617652,3.3108917263399102
-0.2946841634613675,0.9329821463289272,4.183265075154835,2.462544762400069,7.6702318702693315
1.5795143678082908,2.9584657805197265,5.126262162445327,2.161912354010054,5.196804021662233
-1.4558881534400663,6.270225331883772,0.8550549222508779,1.6048601567188912,-9.542170479075578
2.93755454454337,-2.692974256958684,5.7696551011845205,1.9890134785404063,8.676710411307113
0.4137483516628462,2.4454686069774603,-0.08913687472106901,5.468274971038652,-0.17754643030665496
0.23676859734229905,0.29909712823752477,2.9673143670582416,2.7520980630170224,5.815599272435668
-0.5432662577394887,1.5603184378018633,1.993207587350665,4.862662716143117,9.257384619452719
1.8038869842422236,-0.27007341096606274,9.498627483221053,6.361204454792156,6.738730885713558
-1.4501351173670076,6.197986439532922,3.3814739119492274,3.8302017117217066,-6.340281552384979
2.6544664183376643,-3.682255790701873,3.5468749794696324,-1.133105897455799,10.41244875399729
-0.7074417566955797,1.727885252091124,-7.040899549143525,5.594448783973328,-3.029047408323129
-0.6969907903047824,1.2391588440423904,0.07766990826614606,1.7770450840385816,0.4135722995958955
1.6617573756248079,-1.1135187657331995,4.084547165457812,1.4044433258709592,2.1257857287672217
-0.47569094795386246,2.9775122532532707,3.3143692154310784,0.6442888206332529,6.664455292332684
-2.6156362320242508,6.364834597971277,1.7944104263086857,-1.1619737792042053,-0.5406711245958096
2.128956615724744,-2.1710240217290373,9.345943388316847,7.502864311694818,17.326255521459792
-0.37063250394028024,3.512214659152555,5.512199481459989,0.996254953959238,5.211091142193546
0.29131538335931717,-1.3132379115471657,-0.13809669312969053,-2.6555231865591753,6.151029723659118
-0.1510304564062217,0.7561280896039324,4.009709139442315,5.04166057404316,7.413942348254522
1.17499376173783,2.7959268840421556,2.3433740312976483,-0.9462978088311789,-0.19909672176971416
-1.6327658943591623,5.535041148928348,-3.74651965483179,8.818046453593054,6.7414829409688775
3.4944013810426817,-0.5434802073465463,6.094349183440253,3.2291192334319936,8.904126074865765
0.6393871149558803,3.5022726772147026,2.258771432300672,7.337333658610144,2.2652678197834604
0.7672258901977742,-0.501510052828142,6.761889237269127,8.84314548758163,19.787834400720865
1.384729266093643,1.8020679269215398,3.8553571147081653,2.1802216726668826,6.243114934720768
2.4038545880929627,0.8998244658469503,1.2683282106157363,-2.5224691690319734,5.350261640166951
-1.1991554394731065,5.300797706819306,-1.141247385416344,1.3282900722968498,9.454548700396446
2.400291712016806,-2.367859922806554,7.8113329925135115,-2.629142789131904,7.519419013252097
0.3126817887920399,4.157029903531502,2.1241527351685656,6.465905952661012,0.4962322270997266
-0.42507717631254327,3.0155761434440396,8.696144538994641,-2.310126907878646,11.952631814676767
-0.19421071368589593,3.0125558527019343,5.532138376524918,5.283146799665606,7.694373430182319
1.4893844403098886,5.836803803253592,6.455541635670305,-0.7909801351109236,0.6764452149471549
-0.01637445898887835,3.116049409552377,0.3739495015692582,10.045445554924411,-10.91782547901487
3.574979694214955,1.454735286556668,5.837596156578044,-5.09098626707396,12.816936483413745
0.34188888611703017,4.003563881877857,2.131127805146824,1.126924923623618,12.799950510182216
-0.9250861627410312,0.31517855704031517,4.1317014316918295,0.03166740464733975,4.827742869323814
2.115721098243954,1.9254766754270123,6.6398621061877945,-0.8149005265977305,3.5029121781546984
3.207959863540691,1.599480763574413,3.4277315894077325,-2.410070584341421,9.412258038790759
-0.8635735899389532,3.101782558290786,1.7526139017267481,2.2610044851990856,5.127158612969897
2.45018440747465,-0.7835934666411719,6.5649793776157646,5.11124505195918,12.130972485592238
0.6319524946973154,2.67563707562653,0.9547723959548249,8.4299140505275,10.000721337534916
-0.6598979301917508,2.679214501910819,3.125979707759942,5.012626420616764,8.521435023895716
2.9153476724989673,4.470222010400445,-1.565172773601186,8.90405716756163,10.138737200253054
0.995658975997384,1.215267359695167,13.451876109121127,1.5000602999484967,17.113034660145917
-0.1211388887903535,4.579094244974948,2.3123178350652265,5.6335679852159934,-10.510301054154953
3.478646261634681,-0.544328866769036,7.942215806989492,-0.518005345953342,8.333828247815072
1.2664667957601792,8.088297746662708,1.567979481382627,6.675081388492392,0.7349887046073185
0.6132845417126942,2.953472428404966,-3.270568973082342,2.3779510740936947,10.233495988307926
-2.7557679663658536,4.381289383936053,5.529855297964118,1.3818787270846942,4.591112364456155
0.7692798014118891,0.4236303192891353,8.42522061221064,4.173873496838135,18.11089026654702
0.5102708746702409,5.502038546297733,-3.270136717600252,2.8334052257864326,10.554162837462448
3.2811411363969287,0.9039479921531459,5.2633176214508985,3.0202802746011823,13.884801169810732
0.5683027263285287,0.4123326825592619,1.407140454512284,7.186228802848107,3.1753353182923094
-0.5782123443278387,3.7697775937211673,3.34949519485133,2.208241024373353,11.985757881598587
1.3305115399910767,2.300153715416757,4.365515607312457,-0.7304097475365907,-3.0282398405566227
2.908341571402122,0.517172566661787,6.973789477729354,-2.539222400832035,14.033243797006474
-0.06950489399073234,0.7213816860034159,-1.5126847937645924,8.08832637091847,7.994380571719171
0.8147816998792752,0.44511397389255114,6.04815671862612,-3.3068561480348,14.31864077058736
0.34824194709808043,1.861640981220178,0.322692088312291,13.09161372979926,-9.241615678631291
-0.5843193212364755,6.190984891282813,0.11939676008629285,6.73434085178857,5.250123944770497
1.0913881648306194,6.0560904278440875,1.220651816779457,0.5333265637745197,3.735473846340804
1.094255692946955,3.2758604933338784,6.004417251380936,-0.35188883503253177,10.393910300733609
-1.9527405843331023,5.842999962921574,-0.9384634725293768,11.325085820435566,5.103709544345978
1.1168223092128469,-2.139734982861411,13.027260053112379,-1.6116572039806725,15.442357420628959
0.861619276702182,2.8510018329304936,5.3210600514906155,6.951115024747019,2.9600707385555065
0.0025282137334601273,4.788272317997826,5.4082810947513345,4.840223050822191,5.346420376921916
0.5549481746069216,-0.4479920836087756,4.836975917721582,15.059916724471826,7.457170206419
2.501037762190493,-1.4908738200801699,6.161104074716823,2.9747432732017396,13.247565996804475
-1.3334991923951065,3.048710374307322,1.680634140430962,5.699911819869055,8.922911186013977
2.147998614915217,-1.0414480060311542,7.15362976853101,6.371650823783227,17.188190772727204
-0.392237104702698,2.9117462173465896,-1.1180744247530994,9.224234686498376,4.02994090731006
-1.3438504798471798,-1.221587642615936,8.962987145908437,7.576800247236649,4.220071448092897
1.1252557086886643,4.441738509066744,-2.5105394021504224,0.22727280893440094,2.0653301237670547
0.9736545687547902,-1.5008861091064645,12.241935193722696,1.2328199879902595,10.524151952670941
-2.0489196195009756,5.678408399236563,4.657553647327431,-1.7277499919124293,8.551667182200537
2.648192254273537,3.232892743569119,7.7915547940781025,-3.3861873419053565,10.632744099106116
0.2022615116390325,1.5176720146569285,-1.337246160473599,6.734369393265694,-2.2241766357551795
0.14416632204253887,7.044936956922724,11.537223900794174,-4.0941492678021785,8.083070052765327
1.1224021568830949,4.692650516379437,1.7190525117756814,1.3786899185655122,5.805916312775481
0.0016861897023212613,0.2333853645515378,5.073481089930864,0.8473759015867364,8.556898952259647
-2.004184071087991,4.549284350666951,0.8295057373151371,8.138663950800618,4.49945912378317
1.7775008390694138,2.133682308859586,7.055445344348084,0.4090730598779926,3.3195065439947986
0.4801228452067503,7.902213560078101,-4.62571966581754,3.3318623787366803,3.285772749108089
0.3069030150518186,1.1164685429793137,3.590216746553109,-0.30118117263142485,8.358335988051465
2.2268198375418677,2.2273833547727646,3.8206299679349964,-0.42504570297096755,1.5933389168483592
1.3876345964845107,-0.3973149949005339,4.057012536265896,-1.134690179629661,11.521735383682378
-2.15073890056236,1.2701775236519919,6.116999361050079,6.527865469492401,1.3129593808959679
3.1382361697146592,-0.047923864616951306,7.816984020947272,4.790859461327878,8.177256736276393
1.5860904469631858,4.002481757770652,5.434033970690903,2.343896252569616,8.647896266674278
-0.14109720118690627,4.90869133892469,9.072253229426902,-2.904590055637257,10.501365490145353
2.6339716253957484,2.8102528558866693,4.747442915914751,9.97361623066356,6.340362232832319
1.0349423520130343,-0.7912511680975178,10.000895588685047,-4.709513429080399,6.544397853089711
0.08173627241988912,2.75049657536315,4.6104965261348045,9.659328510818051,2.2672123107610074
3.1891120473626895,-2.3838020206168107,4.654304540458202,-1.8103105706062355,12.366247903523739
0.027934412750659776,3.1026782253222054,0.11862056218540729,0.9151701392470171,3.008088697271491
1.72503771313588,-0.36040620484477115,4.722609272532032,-1.0384482331705711,7.005291260887907
-0.5913828528165637,0.8038024027963806,1.7797951767867681,-1.4662876877151882,2.0176290422481316
1.052195548719597,0.7970049245161868,3.4453115018433937,5.790624426163995,13.352999000045312
-0.21466069046643055,3.1735824790272495,-0.6633537018676057,7.1564572079134905,3.8411910465934187
2.881863533445159,-2.396889683440582,5.136615554030051,7.153095568423488,12.64765313214819
-1.9780221997412353,4.623187470351101,1.111532650873657,2.3778334255637903,2.8882874881873857
-0.2924789015179692,-4.7089435858492426,6.307686842765733,7.279388159337918,23.63305041691259
1.367138340584299,0.17628707560371826,4.361570970730167,-1.304733311833398,9.171167449286639
1.2367224375118413,-0.14302287867736196,-1.7038975637931646,-1.6059335350660793,0.7628393306502064
-1.901201480979997,5.843003595833338,2.076571918963055,1.4624098360728328,-0.6039847652655701
2.6100617971605744,0.7749879478645854,3.693925193754636,-0.42063276083054113,11.80140317075994
0.24825049581965586,2.3346387405411164,-0.6135084800960743,10.327171750570091,-0.7105415224116335
0.11042481775099122,-3.6042513307354116,3.6872899998216835,-0.1738347947895713,8.671240876944049
1.982136897322609,0.8357430245021584,6.570866845848782,5.567877228895748,5.465215135541665
-1.1055559974908575,4.324623292950451,4.6445716545601705,-1.04519285918445,13.749174254330384
-2.750355894548055,2.1723260282329746,-5.5316226227376255,9.510183081821486,2.551664228225937
3.408112604253312,-3.3238064613768707,2.4632145990462133,1.1607845786540416,11.349893015565886
1.9169127081703266,5.437101085724499,7.289476695073735,3.3746180141420794,-0.29921080994525395
0.02405026347661443,-0.4592463831925109,3.0670089768614037,12.047008351363646,7.096857778588109
0.20038703517145606,1.0670188453939065,-0.3872505610662078,2.7601001286961218,10.107451663919363
-0.3388668058325406,1.936634561309999,7.285723697495442,0.5785565137529414,19.228155050816767
-0.756262806692519,8.968446233249388,1.9580830870528616,2.682911476822007,0.2641588089403317
2.3488195533359657,-1.0994154769662257,9.288401029128153,2.455698718372192,8.194628431753992
0.7197775974291418,4.996488448875602,1.2595893710075272,9.700821021555491,-2.141018842051714
-0.45320457736798214,4.1783833495175315,5.59486040882598,0.010284858235035,1.2312509959714808
0.9616806969537711,2.566447314994044,1.9400312317091333,4.905865941057611,4.9985613046276995
0.8031008168131837,-3.125624193774251,4.5249821148997516,-1.021555833627529,16.0208511266726
0.11229154764164084,5.573738968050529,4.079828735383295,12.992588327839849,3.7535899263853136
2.9588561092259296,-3.8661767192695957,5.701644691970349,4.547884411434204,6.939086529617378
-0.41728373426758736,0.06421514748627666,4.224069487213291,3.395745243318352,4.0684346960133695
-0.43597561403296425,-0.25463132950208367,3.119637872640617,1.4925984787201214,5.355499020182256
1.113250614429259,2.3978991893470987,2.39324127787412,4.354737859707006,7.630918780917412
2.702949602338384,-2.1145500002114073,2.3031888360943835,6.819868945935263,10.75168258847874
-1.1141272383689744,2.5046210081746665,0.15187647502319912,9.964039297804508,-1.1800807346759141
1.675235342961034,-2.3770165518436746,11.474848338370604,0.8336629481314821,6.986516385669711
-0.285124061632291,3.1043914718908487,3.7512651683754656,10.087023982878577,4.724788882730072
-0.2929788515985743,3.5969207036081907,4.2091825830987,5.844935683292517,14.172843145368244
0.7182721444243045,3.611322001470344,4.479019534693188,2.575653544628108,6.20639045349679
0.2906504864802608,-0.4088885935561313,4.799939199193968,-3.5724452004945624,4.4939091675843885
-2.3044984924907257,2.6301928187550097,5.178097588631397,6.086321549581976,-1.3546333149984506
3.1012110916831377,-0.09633187784157426,2.48815329099326,5.057806234263781,11.22012477051889
-0.6480795150752292,-0.7388217112105646,3.0972273514389155,11.759768930295412,-0.33158933415976977
-0.8934326689494047,1.174461426411869,7.362840900388727,2.232434982090401,4.3262124881874335
1.9662802138350233,5.003403544662344,4.597197801706599,3.912385352747731,8.56198058009951
1.8512791935355923,2.4340912456506674,2.899981808815076,12.72183060970207,1.6258757038207845
0.5524669889783547,6.4035083672695805,0.0717444909072964,1.9661029999169526,3.0874575681325616
2.98568680444336,1.0640564483983326,8.254620028768699,-0.5064535510052668,18.716744696727172
-1.2220269276550342,2.55994161664161,2.7921313166369552,1.067449232650805,10.10523618515824
1.0078093801131804,0.08844004839633435,5.367335291562341,-1.8053732581152966,9.577164772744476
1.8533305203824175,4.753652886716077,7.054962481331442,6.752829621321823,-6.286977942518385
0.2635814993539003,0.8417814212882149,5.69605243101517,0.8796671085352274,13.651978524886172
-0.8735858254175848,5.763389971182171,0.06473900012914457,3.03541875288537,-4.718100719807124
2.2745462917748736,-0.6544902180715761,8.468652901210135,0.1687920490998014,12.363359824748937
0.9214346208801099,1.4171331225941384,7.670160547945357,6.942533901189697,-0.6337224850030776
-0.3715339098081556,-0.1559179104614179,9.809018189134994,0.27278077185969485,6.352057410429868
1.7508629021752866,1.936282386380198,2.519673121852353,3.8575863633898293,18.0660702075431
2.3946370691208383,1.2731382676940062,8.472903375579381,2.0662571897659063,3.3815447212640586
-2.691738664378024,6.006330867027945,0.1614789468771578,5.145615268447196,-4.628606211274753
3.2411456926103783,1.782111510011104,10.91072683306956,-1.901909504810857,20.532663083674738
1.7440404401974925,5.5809866844615135,0.7130650029725774,-1.4208286425059777,8.443589331299492
0.446774607415233,2.2624495361217916,2.1664514701642976,3.8964326077535083,4.709155208944114
-1.3889105974229503,3.9056728235891516,3.0064066746584923,-0.4629285074464944,8.781523804991515
1.417993217197646,-1.7855752176097373,6.849955603406024,0.5616504334046972,2.7512369265956877
-2.2199737752525124,4.066540399408842,-3.361025692827427,12.890347116403658,-7.142137203252156
3.2910404717180763,-1.447672208925119,12.643210142182578,-6.45371936638753,6.799860109118488
0.8912127790088535,2.213128372930468,3.2980455339417043,8.784478941164489,-7.402193112089523
-1.8490711991509683,-1.6505378290070318,2.7299756348026447,4.157459344679388,3.7883763511514386
1.2709996570779878,1.8928102990690465,6.724331691368579,3.1652370024148873,5.104490269664227
0.3096313505637529,-2.1574464499086696,5.970909302429586,5.322631829721833,5.112278920622632
-1.9546688251669913,5.303015819396805,-5.060026927608422,6.563533106315582,9.319026507291271
0.8228339991532772,-2.8025033075300065,8.224729549788378,-3.846882421320985,7.5488035807532174
-1.3182106223650554,2.035921584594948,-3.454430169815108,11.735030226814398,8.272997226344678
0.7886013367332803,4.000887422589896,7.467011846670218,3.3537199742540618,4.766697716587318
-0.08917513167382962,1.9259105486613863,0.8786313739574415,3.6654774695898187,-1.5505749500981103
1.374167001711197,-1.7839864951473066,3.8077327572261774,-4.646499899356156,3.744522306966605
-1.1751526409090451,3.069943844462067,-2.0225183229115182,8.145627442105756,5.322402314313619
2.644493150000402,-1.6707558837806622,4.073120991990827,-1.3225442952171997,10.62553746281152
0.8873813354816427,3.759699058517561,0.606746191853897,-0.7677854008175322,3.07025378024362
-0.15646977468140322,4.740176991236549,1.7177619131823114,-1.1522976278989536,7.7085934586922455
2.3309477953902755,1.4703838327436134,-0.8373763204391242,5.297154741705877,2.9100195875516346
2.0038823087118995,0.8732172276353036,3.1430988286451313,0.87487978025315,1.8314075893808317
0.8490555036381098,4.2270108810454765,4.30987812597769,7.980613492150702,5.846248869851358
2.136199445857814,-2.6210419252373596,4.33477539829534,-1.357670143344686,15.174435534690536
0.7773044169218468,3.0750164021323183,3.1190735031955903,7.973933014489295,9.855997411977398
0.4763185501809699,4.710245880736123,7.133744040281366,4.841288453307229,10.158587554352708
0.6044732634954013,6.947616646570834,2.325514592167835,5.8747635871460435,9.406514410018666
-1.5076813283463235,1.787513146165608,3.147869443020638,2.3054088102302357,13.657409974020364
-2.451960058605957,4.33122288246652,4.037523947256467,1.9625138460190743,7.977198247820697
2.603826256575762,-2.3299227350770813,11.135202126851995,-6.272641717136431,10.72606504843473
-0.981830441815317,2.5720638080493945,1.3060617279810625,9.541255034231508,5.9593025072317
-1.2194042029625793,-0.6303026419740951,5.752737527449353,5.386977931537583,6.460484132973212
1.0198770128922212,4.219576388814261,9.17082554444972,7.872787679581644,2.209659477930484
3.013167415407522,-3.8865201273040304,0.5423879438303609,2.2099870376586788,7.187847861078621
-0.7826020063552792,3.115389317269001,6.421562133746065,7.060661199556225,6.860446875381157
3.0125032683710113,-1.0060647195306303,3.5145892260238973,-6.868511926996593,17.424911615620886
-0.7305665567901617,2.775099063274546,1.3083469302511672,2.141101120139301,-4.001376823639822
-0.6500981725947687,1.9099628054995104,2.165528655322165,2.9476107330447063,7.4841890405203895
-0.38410192979725166,2.382471031729487,0.1831878535090804,10.453750709156248,4.846534754381856
0.1459147286222644,2.135940452345726,7.996448560282981,4.009076431664744,6.6359801776169265
-0.3330578405399467,2.8486922549817884,-4.027031438494742,6.603672485960303,4.679055956669172
2.825591805554377,1.0368867093260423,7.631667770932505,-3.073115664075745,15.482849202015132
-1.2181299972184347,3.6022532764934736,9.90531243047488,8.74273006551015,5.1385490401455
-0.0006720110523567024,2.0941778379225684,5.2332790101536535,1.4258050826176167,7.639200664716141
2.030515626860824,0.9623565016938083,-0.43614492139096095,2.349864029360244,8.513481592525318
0.4095854963770038,0.5667704499462247,0.4429258089696133,-0.9402146205053503,17.523503240574858
-3.300902319524388,4.410328927255739,-0.6011225180575623,9.747312558790254,13.968603461804685
2.435459293344011,-0.21562390936824283,3.417391534016892,-1.5342606844567679,2.106961881286575
-1.9775590205309235,4.875870451796584,2.2894618818880215,7.250227830018136,-6.407297422920414
-1.1444808691379995,1.1029670662394166,5.993591985035808,-4.382624128752552,3.252228203887151
1.7618678807362533,3.5530627438389493,0.9717373224581093,10.969826985618486,-0.11294546700041819
2.345243794465218,2.638210007508502,7.6570835656966345,5.45987647512893,8.132256051181503
-1.8103611588867696,5.6276515872401776,1.4166809733634729,3.447458524020889,-1.8101154776735413
2.6731523286546888,6.489685353985884,3.9585877631680733,1.0657251350422587,13.575576319217232
-0.658992820942869,-0.0001571539899145602,0.6648505595405314,8.30947215180657,6.802116560743744
0.20793427337398684,1.6601007155949656,2.8737601956557577,2.195533065304217,8.680647767532543
2.133424796234719,0.7605285604231338,-5.18503938845158,0.9145915766848187,-1.6328000434780154
0.6014830812424727,4.482147646949417,3.780452424956712,6.169845427451674,15.121113581852104
-0.42029709537964033,4.304961714550483,-0.33956871361249696,5.8111793730831725,6.116021886281256
2.3721603947346344,0.8910701105526275,2.6989690557570576,-0.022679059810541524,12.83648452648428
0.11849642281402262,2.984957501127172,3.883907971898469,-0.46086098905020134,4.064194950656435
2.021923276345317,0.9821380536964106,4.640110051621679,2.455426865936307,5.541041749873412
0.5821673458279106,6.83861462683545,8.791206715724153,5.381744075951849,5.643224170870265
2.3302394575415493,1.0669009217866072,3.4979357932571364,1.4705594095217434,8.743371684927773
-0.7175347831518217,5.914136739479926,-0.7878904094383605,6.235402268043743,4.514215974870835
2.400922548637416,-0.9903655994270246,4.346788013214024,0.9297311261340289,12.374039652039787
1.1005683973537825,3.6369014205504184,2.416156895928281,2.878066507774478,-0.04449560719148593
0.160753673195962,7.54958781468487,4.239699767653558,-4.799830244227323,4.842495255788834
2.447175451048265,-0.3032026401004604,2.0299748614177613,8.02446179768592,5.4155645834514985
2.800087054139465,1.4237676702414441,3.5317306170537615,5.76681739238646,12.579223502904057
-2.4924220340231447,5.802444895262343,0.3471997171843886,-3.831289789161938,-2.2839393402043484
2.3624462059265063,-0.6788780362170903,6.450992822019467,-7.708599007864721,13.97213745656894
0.937870919674695,2.1288295243387525,6.327094825512778,2.0054358589492667,2.206401203159821
-0.734825157753671,6.329026164087196,5.217265572526539,0.5262576662715603,5.055314412540187
-0.0923046568620316,3.137817728767416,7.825867353281951,4.239549436031486,4.449982633120945
1.483845133523735,-2.9095841964103215,9.084877763747588,0.1889324491162272,11.641023588782632
-1.4113921256178439,5.521556764645263,-6.494953574888976,8.541335389462635,2.3924727658781655
2.161178174560497,-1.5795574188792576,6.692435071677409,5.032709883235189,17.016990084277325
-0.19044931072599036,2.646968472615172,-0.8862061555946562,4.406069456705905,1.4809858892404055
0.3009274772168209,1.2248410010911055,0.5454944805103379,13.31905255349471,12.819252186449846
1.3491451698793344,-1.5434192964085023,2.9403518662691503,2.6096927898973807,8.219607710734234
1.046310875362226,-2.970462704339438,4.841020183514207,0.6608074514986138,4.3534940330482
-2.0916117172949007,7.112912937899713,-1.2885666761063679,3.4530767396520137,9.434670440215726
0.8533151442916056,-0.19688328309620307,0.7315481912282205,-0.8119606143414773,12.5810597231693
-2.2803679561621415,1.83680929782372,-0.5759279438131288,6.6312388741554615,3.7430593165691537
1.648169694406794,3.064513814516034,6.667799121576067,6.321672068891681,8.576774634099007
0.8107909672411843,2.8885613272941058,-0.9923178025587711,4.172035915075178,12.346492474700804
1.7047910456476776,2.7680917050066016,8.291964196533236,-1.6100481730865774,6.412292509910903
-1.6310692887480713,1.0582205096465476,-3.9658346560402338,3.4896995134325075,1.0123832659371095
3.7422914134121066,2.4393021973210587,11.204537317278504,0.7396054138896648,1.845529909654993
-0.6470952162926485,5.3056890863599655,0.8267606422804328,2.626599935917488,5.594450005572444
-0.6803004581584096,3.7523501956532512,5.039000566318711,-4.187393001788957,6.644712622358485
1.5496011890408796,2.5793851290231316,6.1766856305368805,2.6222318233497957,8.550484736661813
2.2476344938597626,-0.059193908258525996,6.4999755107635355,-2.887390821154191,8.546763415411515
-1.151447557849985,4.057068203863841,5.256032843437666,1.6578228367535677,4.458336570751557
3.523101756425777,-0.10436610882714303,5.270691951303382,1.3430621459425618,18.776255756492247
-0.2588805760748826,2.915186703954487,-0.6441852652176403,8.77219883412135,10.579159957562217
-0.08330506480692734,4.420304197549493,1.4630323793544249,-0.29124507882616824,14.471019838524048
0.9367331134112287,1.9129533387444204,-1.5545168558388387,-0.32674892763934427,3.9195522576250426
0.4636636936065047,0.7692084172372005,4.107816684602692,2.444662318578964,17.58450528781555
-2.279209361969163,4.653200204322681,3.790732181066858,11.214751639972217,4.419704960666692
2.4001339205788486,-2.158746958630628,8.59671903270184,-1.147672062479887,10.541263864741568
1.7298263182167524,2.0382256955314464,0.16073972925281566,3.9843911784256694,4.469897038752581
0.5579448850405866,-0.4230314310432357,4.56019162430748,1.5748520395949535,7.2299535443272624
1.0992876230387087,-2.219558904516907,0.11097760965272918,2.3297146278502225,12.775510560110057
0.7042128134883545,-2.4221891129348476,7.847375350286591,0.8480288667246674,9.466809636504424
-0.476837647135383,7.645614000009761,-1.3512041602327107,11.099811388795233,3.9641313320703424
4.654385831397214,-4.654439063004334,4.941729675262685,1.168907186066793,12.920036865301718
0.4110496085787203,6.575938079987771,-1.9126619422740414,8.214181739345225,1.409959053466493
0.7394631550018107,2.3108054427525806,8.098149564006947,0.8632138134730254,13.29639429848926
0.8258353753476275,3.590990294429325,3.482182893958666,2.314367477516069,4.663500965692233
1.844206091993963,-0.7081601642700632,3.775054910002547,-7.472111071898406,14.247373178497956
-2.3584281877004964,4.324415984494012,0.018336406357171597,10.245240005145066,-3.772350841178432
2.647356155332172,-0.9814022539026144,11.608832182507864,-1.4787342004303996,1.8864974202903992
-1.2183579655102386,2.739288070064055,-2.209106603379268,6.616438323743723,7.418727883536849
-0.7206002978142525,3.611209527122973,1.6547913372292258,4.236671415637323,-4.047043001443145
1.9497123804864658,-3.3154363563382185,-2.7081149969360823,8.02691964032557,6.507669882656789
-0.1720167955262104,0.9033110532601893,6.71521745650727,4.861585037385102,15.985826771558543
-0.33700871446404923,3.516970262834033,-0.946631553650308,13.820054946620761,4.381507715023925
1.6558680399763275,1.6244600459061518,5.148358957345211,2.15734877613785,14.10528828675834
-0.7866266907593571,1.8514002056075274,0.3671217021386808,-2.157062535090402,3.1530548217541234
-0.4259620110908239,1.7445170149668485,3.8289035815928205,-7.700733050237888,3.487965640971213
-0.07311048653095331,-0.3276385503319692,-3.1862643630307965,5.801477891709107,1.736410775736461
2.665487792711602,3.169932755330449,1.7996154046910164,-1.4790829144659985,6.571349277049768
-3.094254036017664,5.898979424310024,-3.9634038636260174,5.645538131801031,3.1483141798922207
3.2872417010562445,-2.67439505535539,1.009141522742178,-2.3056363840522343,6.0172015450982395
-1.6385788321484014,4.824421141179833,-3.152418651141038,7.644167796879769,-0.8047630119385135
-0.7216866068537885,1.6847055850561228,2.4371935114018473,2.705270547945552,0.4019323326857731
0.6042211601442585,5.019399041677925,3.748904092375536,-0.5274368771001123,1.47898566707665
1.29477706901819,2.2578400684885365,3.6904474603631616,-9.912218698579856,4.791683623920318
-1.8980720592020413,4.154658307859295,-0.5751915220745738,8.530891624240072,7.355218827399694
2.12302770351036,1.6121483669435523,4.515244359010797,-3.1734293370148716,13.748544404973
-1.1500511754011016,5.702508022459662,5.554600324695467,9.746129249250078,-6.384050915430387
-0.11486347320531465,0.2533953656540735,6.444348397947511,-5.843375906570072,13.242104641941827
1.0326257510592587,4.668246357707602,1.5431315261290424,4.932102604620535,0.32326253708445163
1.1986380639691965,1.1502931696115424,5.062321750602643,1.0600531505836175,10.913184425550913
-1.7988007123977183,5.173908853043134,5.433714813424283,4.283748352653772,1.119882894356607
2.337124729147783,0.6784453497460872,4.692887977643931,-2.830428898277846,11.081974624312043
-2.1099380196061626,4.30290953799958,2.4961205965654374,7.146186830900943,9.930087196058238
-1.8015193342416587,3.276255023293357,4.317081701954621,3.2792615528464117,18.113472315591203
2.000360778490621,-0.6341614327861165,1.6967136952534643,-0.4917423758781947,8.417026383736372
0.6180751289511285,-0.4049113340580537,3.8031988522669127,-2.951186386798866,5.426253642435034
-2.0124095725395414,2.011462102644919,-1.7661890883982938,3.28836930935251,-3.9236905185476765
1.8087062540191265,-0.7998520190318905,8.44231792055826,3.9824624827547837,7.875897566426264
0.33787260146560505,5.3866893036891375,2.528795541200224,-2.2381459152683476,-5.00425554237422
-1.4009424574329443,4.443348195073609,2.238155046639645,-1.0834628999275773,9.735971786155021
1.090743785453348,6.248791600299797,3.7519169447197425,5.590030103790355,7.169885193035346
2.1724935835998824,1.4429579993328956,4.788941337715235,0.6255764551678435,7.163204883085215
-1.7474952941081277,3.5682278975248884,-2.051691769768507,3.907113339169292,3.5552758205036548
2.8081450339562797,3.407483542870459,7.096209438367959,2.929308675668114,9.687788349483132
0.007890568481521143,3.7765990745277573,2.533405429620937,11.504490374683774,7.623775506009884
-0.19245824306425496,2.725824895164982,2.74881793664259,6.986232681158912,5.65362279652898
0.2941575570609223,3.51291770032101,6.513907633648055,11.273404219975797,7.386128140604787
1.5729269368791576,-3.996105062118544,6.585757516505823,-0.6921019221812834,8.816270988312834
-0.7276939014067789,6.9371479902032345,-2.757719421307743,10.00819640925843,5.118813560450338
1.8543464460170749,0.5456271505815362,3.1589037517763376,-4.918527778192035,6.448044240328626
-2.250166968940202,5.190526604533875,0.998393162924516,9.584350162910415,2.9857958255196593
1.0924095282419994,3.192394643120902,2.616114740702071,4.873465505023148,9.656731676951914
1.6903204261572495,1.6618657074244438,3.2409491703157185,-0.10537156291093286,-3.2492803303641637
2.454840611895267,-3.14011653936112,7.679104280018157,3.377136774835872,3.9960944925144974
-2.2047430345516004,5.178244052238412,-2.1430105156930552,3.51027390249083,2.1243687136103673
2.7143515458240417,-3.1489547763240755,4.512691905205992,-4.271011605461959,0.5647545077236886
-0.28443631417416504,5.395970266968127,1.5985264906034258,8.703391048576954,9.516357581772631
-1.6619541944810887,2.2789096628316634,3.807981933467654,3.2426674300483556,7.654128042119787
3.3897433609867806,-0.6092969531112731,0.132671431222106,3.5034651873661042,6.165921356680324
0.39068789664319115,-0.8326415886708403,8.473204673812006,0.35552643588798505,8.359422085087246
-1.9633219533659363,3.1814366883568796,0.3877119706740544,8.369855112946974,0.7653682819852801
2.682045251935259,-0.5096476630983913,5.271752864838069,4.519679815703036,3.6737404608755906
-1.425719348469543,-2.5575779496136697,4.8127750939673195,5.710476776296085,5.821220628542891
-0.8993165983690812,2.8094363601023464,3.147640203760439,2.733766177340876,10.814111093038289
0.7494124307305352,4.50574825983046,2.655991286454172,2.21880585375608,2.8316928314014462
1.4098717775816743,0.7556200048528743,5.0673765952134895,-2.2526228916435223,5.49448248514457
-0.909169927199216,8.211903662355523,-0.22624690151948013,7.2445432050099345,-2.198809868725664
2.4364899101355944,-2.183414739107997,0.6677420300107353,-3.4505138587128212,10.068954908756048
1.0245798825966583,3.5289274332730622,4.501967160478718,11.709024828975473,9.103815675512834
-0.9538451617755137,4.264395864213068,-1.0262784021663447,9.40845912766346,9.962857238239422
1.4054148272770552,0.9069373484644485,6.474278888516881,-0.8710514247995924,-0.10433747237505342
1.5228899924469987,1.1601195870138257,3.88845373662414,0.13607660493104312,14.813169392365477
0.16399850418814266,3.0175838012729628,-1.0805778286414909,6.078917175530426,0.9795217618547372
4.055549923758665,-2.7272757470186497,1.2277064834461497,0.7845400641028153,11.05103284842085
0.21357227001616708,4.191050944586495,2.0586985212198403,-0.8894025665689809,13.14582558630006
0.3698958081049468,2.4714882950999955,1.4880498224573724,0.9197239520843463,10.559114609320844
-0.029656691675151725,3.2907795328001024,5.163333948253554,0.1889477177377623,2.0176798757074303
2.2525233886622464,2.0206114991324053,4.662925805701542,-0.007737533948426911,9.32033105140597
-1.4615650146307413,9.098985381233573,1.7585747242488794,3.7267056979879234,0.36205865333298437
2.3338683163814693,-5.63545817187385,8.750714035764904,-0.60864439471862,8.059311629134898
0.5218298614348029,1.5354289040903324,2.0178821809051044,-1.6765313191738571,6.543503221857416
1.0325956087876391,6.041552558589872,4.894126645626531,-1.0836602773500692,4.737414996055199
1.1706473007777731,1.1050186629167393,5.305068973561343,11.122560508815319,5.701793669412431
0.7929039945981294,-2.7264690209972366,0.9373780209779863,1.4205458579203496,6.835901844062294
-0.9565283770672859,5.449021468432504,-0.40733550824967013,9.36830547157637,0.6655590304165071
2.400239160273353,4.2088413748265,10.971391004826728,-2.022151447185272,12.391454958162205
0.6593972208202723,6.5630054534503754,1.2384168071351997,3.8602919906912065,4.444423220839331
-1.7353008886256311,2.693688019017324,4.071933616740161,-3.5227855214510044,6.810105044724679
0.7857178402861699,5.038658911809972,4.367371214020854,-5.395725375316086,6.080838931463964
2.236557841214964,0.3337440905211577,1.773302782127417,4.132244901070057,12.501353381689565
-1.094526422838203,10.039605382461518,-0.8655991127806184,9.351769901693686,5.216688627160989
4.0330391636631795,2.396314919821947,4.22437081680707,1.0739200580796933,15.373694323647337
-0.8603361294537308,-0.3135084400733479,-1.3669787663295117,-2.8148902198051973,-8.629778973110591
0.33567747804087755,1.1075789455462113,-0.08044009365500648,-1.2034649596457907,5.513861045726811
2.652389114110786,3.3863125544101695,1.2054425071803192,3.6204249201147105,5.111837227799589
0.7957464786883403,-2.4006053797694484,3.2766907095607696,0.2908326329204418,14.364738792810407
-0.09158863192168232,3.2846471196691347,1.8699543277052828,9.094196485709016,6.673880129022727
0.36158400707386473,-3.378653148626324,5.559726361585804,1.277514208525047,6.368750080199044
1.271491803093421,1.9392031396065945,-1.0595137002219026,7.255534926178811,4.476125562209888
-0.03903892135878084,1.7461613772362337,0.5211948822115142,-2.0210372777775643,13.427378956652985
1.9982614087364232,2.5465217904325015,0.49773681580398355,10.242168880145947,1.8637048163303733
1.5042691278157976,0.191494636428859,6.36500923621254,2.01468721781945,4.115095167609854
-2.775093679226804,6.539952463164894,0.9011611799665404,10.286813351729345,-5.110889117258708
3.616143440319653,-2.132152392346586,9.319448363634878,0.9524178275290343,13.359861949769744
-0.6435264508819829,2.8309508826158174,-6.240743436222465,12.991039149064843,9.772844090908466
-1.0901188218664244,3.3312156501745522,11.713107530612659,2.4268693764154956,3.9279519078079157
-0.5155783109215335,1.054783553868302,8.138484918536575,7.9671116403676585,7.283203764341184
0.7894073732438865,0.798795959788815,11.315964327214722,-3.8692477979664304,10.652536533159378
-0.5763754710383839,4.482018212446031,7.79904385748072,12.008664955228683,-4.119310393539466
2.9130182805124116,1.715633210746736,13.026446913055617,-9.309355771526368,12.80326376639659
0.10006969103286756,4.822775625138328,5.0508949219958,9.148950025541684,1.3189688706034504
0.9565322501494484,1.4628861013296337,2.944344850964713,1.3408776077082512,1.8169785842370407
-0.42083934378386045,1.3358556244413822,-1.5733556354945666,7.281184758014328,12.00540616680817
1.3991534336128917,1.7956100462125415,3.8444643269721324,-3.5955742997640927,-9.403658526967835
-1.8204463891971165,3.4027011053498852,-3.395820930316563,6.430226296644317,8.270208296501819
1.4278343306713805,0.35770470665946785,1.1819698667168925,-6.031203506612103,10.117312056529908
-0.05965474831056827,2.638009181171005,2.413851799466282,1.9888724770085628,5.641629193617587
-0.2945455881220307,4.965631095003831,2.6382316166284823,4.7585394545365425,18.48541991035691
1.1111732866927277,4.375378146153285,0.5903121835417801,2.5368474752163737,7.4942253143497375
0.9499990941122844,-2.650733589894368,6.1038192633488855,6.839909818846736,16.374605812115277
-0.5310584622437422,2.992111996607828,-0.16600735170537284,6.760754315202361,0.9494758546969235
3.6212688665178225,-3.096087633058954,0.431286124041498,-2.1866066211635315,8.628000257765361
-1.3566726207071669,2.8151965166559267,0.28679691713497024,7.12237957372997,2.858254972787206
1.1837635600622431,0.4224488146319685,3.57049213475926,0.09288373009405904,6.105425670419288
0.19334965976856466,4.399046300465423,6.7243250396584004,9.30876036494571,1.474374383392258
0.2324323751870867,0.14016573272676003,4.694348083093535,8.606415309728643,13.84322271191581
-0.07417977859561686,6.182013219353584,-0.038817383625584956,7.338393569923241,2.660808489217581
2.1831704721438507,1.0110566461922046,0.15720125537448482,3.3633050894264986,11.546423872330255
1.0275777804353494,2.4399776045672903,1.475323006421423,6.396746695161283,9.517779216508577
-0.8713529838937699,3.9662272407604653,5.732359662905505,2.7006553600218512,1.5968817569475275
-0.11827833387956233,3.6807686812285434,1.9328027715833442,2.365103642036953,2.8216930007279895
1.6000177670106808,-3.2802906796345326,3.1166298744420198,8.304504142960983,6.456409564143231
0.022148826692725,5.8791927061013,2.1525874256492323,1.835500862506675,3.9582460638876653
1.6768642839890207,1.6412270937831632,11.149886637375404,-1.2111389011586722,6.251596113953219
1.3928534161037878,-0.14223499192659328,-1.926127462230052,9.61178997299362,-2.2325307668543704
-0.4211322569563968,-0.6127713489630544,3.4828266804320984,0.20116506169024406,4.8888356302650955
1.0376439322133644,4.579487678756829,3.480079247819472,11.164925600660567,4.139640148240087
2.175098504815294,0.5667519123437688,7.509303055686588,-5.852651091186615,8.783386143658255
-2.9524562677432806,7.040930690733914,0.7747525706524181,0.19529317245142108,1.7262053572544462
1.0372132382352879,-7.691110362279892,6.7517911102871695,-2.2221903764280433,9.284706892418239
1.256537835953566,3.0291593412625537,3.375198796816962,3.397323507841672,7.26237692465375
0.19584839211082072,0.15727844208333286,3.9581311944574966,2.3232900862599,13.331003744763011
-0.15773093493915824,0.3115029557472515,3.47672088068789,5.502759450991698,5.698534779552812
0.6739327869110608,-1.357179234922998,1.006402889604724,-1.2207709945131722,9.672834054386747
0.3743534792094887,8.203292647076076,1.6761383282986393,0.9703817123822769,-6.4852117873347535
3.136646893618563,-1.9832283878543193,7.244185445656161,-1.6057842939704647,16.777561149947022
-0.8078262097802533,0.4305855072371585,-0.021782723386432057,2.6316982539452036,-3.069091590852148
0.11721529415927567,3.9364510546787037,8.711863033865354,6.880893161591981,19.15990324054836
-0.13252155716193537,1.965563332775506,2.3913466145330182,0.13951969086567972,4.43448418749451
0.23315079479480794,3.1322070448082,5.88900340693522,5.383241888336362,15.577451623099144
0.042655793960624244,5.230502766319402,-0.10001815611887066,2.895559400514756,5.706051955759124
1.952416056599489,0.01729894238237417,7.835496262596562,1.8259893425229077,6.310094316188962
1.3259818492577884,2.322127699350596,3.13505528826093,7.856869533818152,2.797408711575553
0.6031967268566363,-0.9045128921313657,7.933526025923017,0.7924081431749079,-1.541427892194966
1.3274259051494437,2.9417942194407662,3.820710790198773,1.0971866098024186,5.994835218035121
2.8454770055362575,1.188509373157929,3.3965259058857398,1.1291518498788902,5.86056490895932
-1.3330839081354076,7.909144542716275,3.418968674645584,11.512650167166315,1.2022769293712794
3.163690763285066,-2.5159682460533954,4.583167243281596,5.678040711905812,16.081995979089434
0.011975259338275812,4.3300351048701256,-0.18686268224339075,9.000608045017707,4.4025926335513095
1.5480103738034234,3.6069830515348866,3.572000927489713,-0.929590596322345,1.1884159152314262
1.2398956066293412,1.3708564922631488,4.174537960326125,3.0916436539301326,2.935387486860056
0.8963539792244009,-0.4423540157114543,6.175842175319357,6.184033617962965,7.999418547469833
-1.1683385897513696,4.452905222145448,-4.104315137323869,6.585605804781778,13.086308046365893
1.848756697103594,-1.735530291917096,4.964258602266065,6.191912565730048,8.042003153795605
3.11494877868161,1.1757732334079438,3.939431941854761,5.2853180891378075,4.803783783313321
1.6114735128251296,0.36107289959336963,7.349194679537208,1.2811112503692166,10.863024740541803
0.3343679178303134,3.094736123838378,2.4077307440581293,-2.54328910079024,-4.197401904952053
1.7008001993821584,1.5796054426322221,2.4368283245746296,-3.268869756327657,6.974434139526769
-1.4114952656111601,6.31072437603213,0.9176998966292178,8.096203875816444,-3.2248512123397477
1.2607136776286367,-1.7731160519286056,9.422982395214921,-4.727222519256196,-0.2662285728080942
0.8928012642503866,3.0957281407886263,-0.898760922919928,0.900976554574848,-3.214350006200913
-0.05609925739251176,-0.5411040664256861,1.2066685693789103,-0.25886062467588555,8.360421144470061
1.8466554308368681,0.4016413569506676,1.6294701086211796,5.2927650141544555,-0.5439337926017451
2.4942076877791717,0.35342407444770196,10.082392631683351,5.330881715372713,8.723623976509138
-1.2827030813995572,2.5859868537530764,-0.3305765489146171,1.1797397626573107,5.151331115365835
0.6786316185709507,0.5787443707563127,9.201664682207603,-3.350563469335026,3.6476070109161536
0.4162877542666634,2.6465515897060454,5.2216334156560045,6.660706364586003,3.5155280286622235
0.7128031876757333,6.997090622193294,5.847669774456497,0.9584794913709156,2.833784238908869
0.017950120839537065,3.28358246231345,-0.012351341511895209,-1.4240214649949179,2.5852346837719224
1.5528351969695755,1.4481124156730767,3.127464446745326,10.628776489576946,16.454736760715637
-2.2749805828397975,7.002949401094163,-0.3676803398455406,2.6403046585086525,-1.6814880162279904
1.5911716437339858,-1.2551029183818776,10.911148895707655,-8.41697628519124,15.792403059158834
-0.39358197513296134,2.817645563147887,1.0175337560176272,7.823238403318418,4.8790639230313575
1.1320541521754177,1.5882186995929084,3.924795997913873,3.5433587432908085,9.872847973814173
0.3884711893945366,-1.7115995377850206,6.106259830297184,0.6777786461418258,9.688508875040888
0.9293423541152523,3.695574841360954,3.1793284238546016,-3.8794172333452144,14.112123102979979
-2.4918334696546687,5.242438969765713,0.41827971666980934,8.855036986163707,5.864919425093429
2.5259938490063742,1.401692838727329,7.887843329125956,2.471000567426241,4.280632622169095
0.5512879759808891,8.51750119380891,-0.09098449356708649,7.72932822616536,1.815501427943756
-0.5135603663194541,3.6466288926074646,5.258014691195774,0.9556904666349642,2.034582615407362
1.704575241410112,0.8763088847404077,3.3885861745216492,1.3788917613148612,1.6277401802097946
0.4628226317288847,4.2570488703076315,3.814562591826299,3.7062919121941027,15.846850099996733
-0.2906273867378717,2.7279158457839023,1.843893564249655,11.6793356606986,3.3707424271905153
2.5073133880872547,-2.87258723511246,10.525701045764093,0.9312240729340431,15.888088511926911
-0.5186705087355801,2.060840734531443,0.5557097493607095,2.5991465573016077,10.357979778972702
2.4189857974879176,-2.856098164997816,4.288202149111887,1.279828771556232,18.19918492937649
0.6270458432511278,1.1554990793536977,2.6561189929953577,8.199621317628555,1.626514490924356
1.2666228798319956,0.1367808746539636,3.7285901592465716,-0.8268202384331129,9.657875717844082
-1.1125242496709302,3.5672117820764946,2.116651474739293,6.47525665582665,-1.558569134881267
3.0983882129840175,-0.11302754710110596,8.627494631002973,-3.5994344719960147,9.412406178348308
-1.2397784627317396,4.277488102119203,-0.11598825961503567,8.126825965781896,10.219002200393184
0.4669933532646693,2.897782200106373,8.041689540268608,-0.5143594049639044,5.874217754604031
-0.3719147575721551,1.2917939951052064,2.2855670375356714,8.804313363688687,0.130846697864328
1.8359249933609891,1.5556075547765482,2.2884388297193037,5.179295967810519,11.975463287269088
0.5755220722840422,3.1052302405120953,1.650062232553776,9.547284087981406,3.2838416281786205
2.018871286652589,-1.5062968474082454,9.884815152086876,-5.7424171852116075,5.91784537784512
0.31371439879438534,-0.7078392609606434,-0.0102877575510818,0.8983785255386285,-1.2637850526241723
-0.5283566876088046,2.9474264895279334,4.455365087219564,2.989534053225713,1.643500876085184
-0.4525533640395438,-0.37353187744910743,4.710662384504021,4.320755673810501,-0.6774716790749413
0.48659220576875983,0.510375608217976,4.424522330307685,-3.4886987551659416,1.9495926837269497
-2.065395964586479,5.5086849596594,3.5715765748116843,7.67421374552362,7.726235283844304
1.1796776930644486,-1.232921949079655,3.37056734920571,5.267208429116572,14.341030280535321
2.1423137189572614,8.000970055903375,-0.9084958478787533,-1.7514218518514497,13.672178589002506
0.18700399125953204,5.1869303363502315,3.1367252855332577,0.6050226422522091,7.1003110209597615
0.38287349225057865,-0.7297439750265475,7.721917899207435,-1.769889514570246,11.828837428077813
3.3650168715463673,0.3897613179015249,7.918145480796936,0.06222533755380244,5.462701257947786
-1.9325979660384962,1.7749848224728542,2.128170174458685,2.3584594727464556,6.048879715491699
2.0487338251145286,0.8378903070665156,10.868390213521238,-5.561877551117151,12.500672854469645
0.06539756492044302,5.8547632622552745,2.01298721500941,5.7885751786518505,0.14326188272502915
-0.6599281146642605,1.3811223879539307,-4.023089605653032,2.395036443130216,7.868226336291993
2.511696033764429,-0.18719049378900943,2.252139937139608,1.144515456365542,7.830161219025888
1.1120983842817989,-1.8557246053260485,10.88442784798439,2.930804860532187,11.629366034069855
-2.3230488082818743,2.462980194066092,-0.09284299703407628,11.593527599500527,-1.0745692735604206
2.320533055580508,-2.9979301621580587,11.73734725041967,0.07715402772064728,17.411542784761455
-0.7101544603567506,3.082800075711806,0.956406988710292,1.9932042271903232,8.207519138374538
-1.170200536344302,2.4021501070016336,7.7589110041451494,-4.146722380688724,3.4457925282032345
1.9116388572513496,1.536940053386067,3.6030760515268687,5.385200119655105,10.744005243181785
2.8224244567234393,-1.8377106191735153,2.9608193430824263,0.4004704340830805,4.15470217834235
-2.250867339869531,7.58242997312227,0.8935688862757187,6.565966062994017,1.7990003692535184
2.6957865720772887,-4.0199386000413835,3.8939649562520624,-3.052112426652139,5.404886664248595
1.6749025654015732,3.3392717494564277,3.2450369840132005,6.191563519725288,16.320818993622602
1.6843916973250819,4.698070130246075,1.0106699620574147,11.344672481412362,13.156981556128887
-0.5537109211280757,1.0298187287276845,0.72628589742062,-0.6054347900611017,3.978897785712461
2.8525838439432025,1.9873376084190724,4.6961190454612876,-0.8448618448969754,9.119077614363501
-1.7463600938674597,4.976319223429847,2.035139676013365,10.934338831816182,2.2397352876811465
2.3434819138520826,1.9886554220561976,-2.653111819069207,1.1410139056777169,8.029992494553909
-1.2539054029347318,2.6166302577058054,2.0472362216259405,12.742640109444332,3.471191918781342
-0.26106535248538176,1.2621111985609792,-0.13237369745336602,1.5851401216024756,1.9261526333171137
0.12359162642254862,3.869862403256165,0.01302805260127482,2.7217316649733485,-0.3545441881100808
-0.13093588240870746,-1.457247228362846,1.4283386717095805,-1.321952587886234,9.543788458012138
-0.3438623172052413,4.391693207525655,-0.10655963163807058,8.387916812838068,3.812759494648414
1.1756904177251,0.5355299721977982,5.826403891756559,-6.132778128130694,4.280459579966693
0.4667051797052275,3.0472639498742913,-0.14321301205242265,6.31629951245563,-1.6320902838164875
-0.2630642566021182,0.8054720839720988,4.731011999329649,-1.9218890276805896,17.401904001119746
0.244141953904066,3.8631436647193684,-1.2608072324910644,8.7013352619813,-0.7262135012298465
1.0481896409819271,1.574809697928677,0.6323835242957101,0.04640275000320271,9.62955891373873
-1.819686866608754,3.3443043617463575,0.38716533316991253,11.834461734876706,3.7607652171942108
2.902278112106226,0.73138522359005,12.1456829416864,-1.0323814791231496,10.609150100407895
-0.40236700528845704,5.26597347792626,7.1288936265202585,11.89235138324602,5.317610693272497
0.036460356746157996,3.3677386536016543,3.403486036722006,7.443506282403115,9.76467500444661
0.9246559962631872,1.4145725600876904,0.4906296675912849,11.104245231293879,2.7590418788488718
0.8546924635536913,2.487693533656187,5.345479829100115,-0.1971300911676317,11.611559559812116
-1.2451948948075544,5.407979391459142,-3.6089842321795094,7.280458238791793,6.277405950263974
3.8915090471602705,-2.204847080113449,6.940318386354454,4.125518735341014,1.6356389434084893
-0.293176453930722,-0.38726610335396106,6.1287877540130085,5.615351274819479,11.31977365701855
1.078891923017582,3.046027761425857,8.729105483042499,0.11089170678607596,-0.40323678572908905
1.378565326768005,3.2466699616868127,2.2678892819894103,6.615091051916336,0.6676618459726813
1.3607745933132143,1.0578435563480493,6.355338987005746,-4.570696375807627,2.67910535800403
-0.2389744204859876,5.58502787553893,-0.7158380727528502,2.3135510911938275,9.49850939093741
2.490888305873421,-0.12256778577617844,8.382485385020043,3.1225790868294414,14.011719543760993
-0.42935801837903464,3.9036787459409954,5.194729818258557,-3.6795930146956684,-2.5642068664583118
-0.09937302849090512,1.3553808468352264,4.911844777656077,-1.0368619810338764,9.653038604608902
-0.002289771306031696,6.441434596346558,0.49294017471337637,-2.0061928572325067,6.667900685809771
1.4191066797574403,-1.2025905391760139,4.253858157251673,0.456966679305733,12.038500788926498
-1.2446314584971654,7.22216206890179,-4.305323001866891,8.826863479902375,9.760843375348633
2.308989409988416,-2.7868277898447604,5.478857198367689,-1.6387157785004787,7.676655949451099
0.30945178746949,5.3589194654100645,5.592795979296263,4.322350259458597,5.855529638504468
-0.9552618103206063,2.184674935537994,5.277541481453872,-2.3098598984748313,8.484664842862179
0.9109143479464821,1.9764621348876061,5.899636431361796,1.8814317340447033,13.285733054200863
1.2642909486039402,0.2529236241346555,4.832824936460472,-1.142690764851583,8.613172486139838
-0.7236726384190968,3.120481512585892,0.4170085111013835,17.00852496683183,3.8348732344636773
2.917198437769051,1.0889758519806438,5.297651473362026,6.047234017889561,1.4357468024777473
-0.9939186042305139,4.458799244952851,1.7257397897498372,9.435523564166289,-1.2551045623575863
-0.5974310510822245,3.6812658317654186,2.084016686502423,-1.0059902545473034,15.073568273333922
-1.7549839246137582,0.49983291273884434,2.324784632224862,-1.1110839408897757,-5.560761875337306
0.34475039040427746,0.5534195755880231,3.709569071709418,1.708431793576045,6.39624765877852
-0.99264276811787,5.567840863707816,1.6485634416977724,8.89601259337725,5.726150504460362
2.720104609311612,-0.7526200177655662,8.791126162786039,-4.805466811796375,6.651512234566233
-1.0029560190174738,0.41427834342533365,5.129323918747488,1.063819364041472,5.3724344422702135
-0.9386381263425811,4.972783013474704,3.856412738350663,0.23375662189204105,4.230200097513512
0.6895684034841155,-2.0615438572432288,2.814679481428387,-1.1049145802802611,10.0274408616537
0.7292990108058097,3.183116489327353,0.17514984048181237,-1.9689651436141777,2.3376983814501875
-1.1224462241374826,5.160493714400149,3.8348496831901238,8.176111360199748,-10.916831246061646
-0.07111501973114454,2.528478171680213,9.453609122881021,4.749913473483101,5.522776381706278
0.9041635645450585,4.033516317703489,4.317672123082173,5.688079237851991,-0.5750680529864893
-1.6020371433557623,1.5131432690598452,3.2874173128280235,-6.807259943714442,2.4112716009682162
-0.3150653123646363,3.7847434459091875,-2.080509492303042,7.359048884690607,5.185793119994213
1.4501824401911154,0.4210504697049997,2.5777810181564083,-4.280576818703788,1.0469575510342226
-2.150046249644549,2.0763493690795167,5.265310239169832,6.319120376448104,5.952844051322652
3.1003823614708375,-1.3944823934273867,3.4551311082831777,-2.075572334595925,2.4268011822343967
0.3579923968479506,1.3125752584119648,-2.508201075186094,1.616550157711753,-3.2539175936989704
0.773651046563929,1.520146848167721,-0.8563442582490466,10.33070689267406,1.5204774806121475
-0.20555569156653597,2.3059635406220207,-1.9532952315086862,5.812021690422329,6.067875798729384
0.8458224488858634,1.954786251227328,3.9823502806690585,0.36212091216241715,13.398616593637275
-1.3998298829399898,3.774005405656552,1.963666077374484,9.478203357238566,9.049715086732311
0.7721907470590845,-0.745630252821895,6.906261138261171,-1.1425554404851948,15.761574681427065
-0.5054758882710262,4.267557135316773,1.3222271059915418,2.390387576262871,-6.481164341053389
0.7197108316249912,0.8768074098285097,1.6331027058923648,0.8929484781638313,0.8008119432644807
1.4331327692105782,-1.4044866778964966,4.68970866464468,11.876261916872057,3.24881791590602
0.9623704547573445,0.44239005124025454,4.498857464681048,1.2312655383228694,15.863313402610046
-1.541521352015559,2.9594607793079106,1.3799678829169353,6.0101355163996075,3.8183876195172846
3.8089134116971524,-1.980893732882231,6.163932781731446,1.168377724901248,10.41395781746429
-0.7847648310509827,4.097527624297997,7.238566495523197,2.4565837604956293,10.301636844750089
-1.270501350226538,3.4852989025945225,3.4192725066526974,-0.8638468244646278,12.67082590173628
0.5019369417508912,2.998253588874907,4.54532634835515,4.248034972857257,-2.259755975097686
2.239204117161568,-2.3508594665812064,7.90760988893567,5.5314079918105685,6.358701362139896
-1.991377073379635,2.2191051412775806,2.572508582541007,4.639759387189863,-6.938349202941424
1.1008393964256795,-2.7979283022930432,4.863875144225063,-7.557417218551551,0.7419642452340032
-2.0585008981009145,4.4542173547056185,2.8652917490695113,4.04469228582537,2.925292483368862
0.8470914228861126,1.454390165885927,9.139732348675539,3.383575444960728,13.691790286367803
1.836724759037505,3.6096508755445234,1.5984712659339688,2.7882504166344657,7.4321465933892945
-0.9171683503361139,-1.598089390404603,8.91753538811205,-1.917521421135596,12.091267354298623
-2.037806351485322,3.6471420152353904,-5.456657550801129,4.941043084233559,-1.132449866438789
2.066933030302123,-3.5699278833575248,4.083323035395418,-2.82634947962273,17.962911024215657
-0.1364014446320274,1.9235070778229377,5.222190515637673,18.53701245228851,5.383563761930905
0.1821302271801899,0.904581850838132,0.6116748213479792,9.601964119327356,16.944686748888472
1.102753621679337,5.627455885129004,-4.791353083333288,4.753992425176642,8.53417071364801
0.3365099203529399,-0.7482651838994456,8.235208615812667,1.0512472838824287,11.43237864444539
-2.0529719514238147,2.293285537594511,2.6939162004711377,11.741236911638056,1.3757901405114787
2.7545625782686773,1.1875264214084469,2.611075036101912,4.666831474792392,10.353865728988717
-1.2553421094522774,6.480434175664267,3.17299412836607,-2.4713135228947642,-3.3716633902707454
-0.6346548684496617,2.547712867363121,8.879809314905543,1.7596698387950727,11.296206988589168
2.385671976055365,1.3748145752000038,5.393100478610914,4.260818037639586,-0.9817134598045318
1.6336497562384094,-2.045326854624765,7.253067931399283,2.832099489580229,12.141847136114745
-0.8069719183177853,4.167756871819666,-2.1367435601167473,3.300478902957486,6.536552457318198
0.7151174621203162,-2.5746395205151327,3.4611705381307867,-4.043112933877391,7.831793438898077
-0.7784737402157069,3.3109521495400243,-1.7330433277939485,7.360802587407528,6.858561976339597
0.39185440339927524,0.323922720689068,3.088747953238937,-1.28747891328136,6.117527625126237
1.8791463226689982,4.612567096287719,5.675231089323248,9.935100811584665,12.583618043457182
1.061246717673491,2.5566013620337866,9.948111399759757,-1.8859447401894078,7.735979475736386
-2.4907479657631,5.917741845288031,3.6871372650301297,7.567531785160458,2.8430480428381
3.6297662424308172,-1.86952390660288,5.41147831487796,5.260147186341513,14.014803176867895
-0.8283063167083705,2.7554796248200817,6.966519114877387,7.042331845452451,6.216162617091106
-1.2311037044749717,5.649051104996374,-2.82701889181845,0.12390483973891664,12.54114993023158
2.87705028945983,7.064774458507122,5.289803163156971,12.572680776927204,4.224589544252916
1.4227359419979047,4.604656123190085,4.569678286666843,5.665363034721254,13.859203755982598
-2.2365493240436622,6.341645443872885,-0.406602092198602,10.387249306428158,3.4433577367700337
2.756929577387342,1.5677929793168106,6.250438908689718,4.898813610606783,14.465236643610094
1.1413920855511546,2.328281431719863,-1.0839366196207316,2.9988772721026065,5.182777270782053
0.37195812338634315,2.1953919582825585,7.688813674906239,3.2975726590994916,6.430851444005854
3.2656136770358324,-0.20104494882288604,-4.025916843321882,4.706021350603702,-2.309754431349822
-0.21063452503205382,4.125773645306475,4.225557008182808,9.743701515158115,7.681357261868558
-1.1278775986623935,4.630459394924367,-1.34553343375313,4.870966230243104,9.04792353804965
2.7176222432883206,-1.8441935324430592,8.872507527807583,3.684297171868309,14.524291205247678
-0.8320964762901831,1.688328235453147,1.043945390120627,2.916083424641857,-0.11848282216724404
0.460146066254433,3.2753199670980937,-0.7700721769278636,1.892381333277147,5.165517737692216
1.174300369431613,4.965529368053613,1.4170115667186862,0.3737655028635545,1.4299568403832585
-0.8790025467850258,-1.9141520468874333,4.38604967101789,0.013935827225703079,5.633798405048703
-1.4884667585912492,6.060708437752357,4.822632955861787,5.427242987307299,1.6046340295601191
2.2102342427381423,-0.17204497998511936,8.399497442860675,-1.8783723288632075,8.543381562240949
-0.07427121878303589,-0.983422491848635,4.263861691835828,-2.992394469925853,3.194076355718172
0.839245472101422,3.94156818526996,4.272144286790965,2.264026813040575,10.812651055295307
0.3506055360397605,0.15203015928660024,5.395105906836105,-1.0227446291011901,9.317317006769196
2.290939979715213,2.747743062438368,1.962260981568045,0.9463295857078728,3.5826962551318147
-1.4607539458761263,5.2666088327952885,2.0216424972383575,6.167699908716596,-1.256337566365715
3.118234333562529,0.30500021655191123,2.6630916189803293,2.9120102814419706,17.78886032654364
-0.9921149715948315,4.386423041881654,-2.2655927351389042,1.9718344394991207,2.1944121604724103
0.37231839055668825,2.1887861406301377,3.9014908239329538,-4.3877593798338665,9.265309136274038
1.4566374015507413,4.591044453377171,3.451216510687402,-1.6542729986277553,2.2525766654435024
0.8354793724717924,-0.2528646596129682,8.12217184932049,1.2458779160745665,15.86119277986884
-1.7543690292181768,5.227978536561016,-4.266798286161394,3.8270987271054575,4.560123151559782
4.960533222043756,2.4399186713633707,11.483190083224164,-0.7797780498864442,8.192026552076019
0.47009613286976903,-0.10615159463302404,3.7814628118592575,5.646615784605966,11.213129345339205
0.02881590998475858,0.22422801204072318,8.336880044147597,8.648190711034795,7.990571155203481
1.0317439411137679,2.427008412185854,1.7314244820635265,5.6944555893620095,-0.9453857244668695
0.7301793358624772,-1.5443834631626163,0.20673990861392078,0.9024557590729616,6.378726188289767
-1.2397775846210086,5.93535479916183,1.35612546215776,15.64588619841725,-5.692445789465921
3.202988112377739,-1.5040564855638014,3.0293613423028187,-13.926904591599838,14.693963156022772
1.6663306044090105,4.057264536489475,-0.8649748979148327,9.450035596647844,-1.851354669444777
0.8433409275996762,2.3822845431632405,10.853949082824265,-4.822835221274829,8.968478123611842
0.1339807413445966,4.536038334685411,1.4461210307511023,7.731938301156839,5.217615998638814
1.115598419462813,-0.7294039873164677,7.704023620188667,-3.4175648856760317,11.900726710905072
-3.5748477609588254,4.592663779152101,-0.042140128825642,6.005133053427982,4.707853874180275
2.6710443456102357,-0.19699575941221292,9.706562409378774,-2.0962692736536286,20.381457174548586
0.21114410565988684,0.8947584353871123,2.1178161259218067,3.1946974715237895,-2.0544595029492374
0.33375694859433636,2.995051479498083,9.076253319480392,0.2836229016278371,9.886863667194959
1.4732990581876144,1.4478532681662482,5.087504141838452,6.923112637282635,13.867273335778464
0.3453208318486256,2.605206677303693,7.778990090990888,-3.264970161260798,6.6914897723173645
-3.0023509755567077,6.572178141917105,2.791533592276107,6.46244828844711,-3.317584118162331
4.228573431329668,-0.1095057448895953,1.2126015957584255,1.5753526519744572,16.366803148732494
-1.3913270326905933,5.211215765436905,1.8022871581908098,2.346285568034653,-0.978038172885336
0.1533460771097095,1.4386521996264419,7.236786335933081,2.5525893789476526,8.665423082296906
2.676819482479657,2.4151798668470374,-3.4857507794870677,0.42072642288881923,9.902699136644287
3.652380681645856,-0.2955658037243196,4.241702515295688,-4.617704524633127,14.744653921787464
-2.2745685418193027,5.541483315860775,0.04684174550560183,4.911550641488054,-2.854267976402356
2.7310819584162447,-0.8195559520027538,8.062229664974957,4.785341098869086,9.656796909999493
-0.013223473039846834,2.783077534364889,3.103236378025257,4.789043906428591,1.2838300217854337
0.70013234795343,-0.6154463519282314,12.690276934034696,3.411808997807879,4.161377359187293
0.411326787664687,4.172755167789242,7.59350791022915,2.152950779394982,12.464135176983433
0.7973521595473448,-1.0958930433127463,5.930152728396816,7.798436554069121,14.81695780280953
-0.9162902421356358,6.265587023811131,1.896027757066626,15.3047055841692,-1.4330489382631857
1.8840928095129017,-2.2714962964549508,5.483078206011497,1.814658307321789,12.988724221040005
-0.08036967003097817,1.3866315299026715,5.082538367967898,5.904992998099372,15.843768383977089
-0.12577380092973922,-1.551102482605009,7.190535820071604,0.2040652737781392,20.480497053889113
-0.23762676180868492,0.8345977271232226,0.706032043824146,-0.07105268049243296,1.6426544975606943
0.763076730748428,0.21244370455281536,8.116765374530843,7.193465454160854,9.988072331446777
-0.5928671613776069,4.881273566061751,2.4573034752182568,9.24812926174811,11.667155421914618
2.355939452288344,1.7589162553536521,9.01082408656536,1.3424180748562033,4.969968342047074
0.42134650947074714,0.025340507932371414,-1.5249163000107626,7.89559927313553,8.573727390615055
0.5475263831350519,-0.08554128349100965,3.6667730995615924,-0.016820347886376208,9.516383799540918
2.1428556490610013,2.517481218851029,4.029443964844395,-1.9282438597294593,7.935871548311507
0.2976091045284983,-2.992913488349883,2.6679375109223553,-5.362169410436734,18.108859607043506
-0.5772203207158761,8.205251092183515,-0.7863825428955349,3.3765451255680814,-6.219329420466883
3.7185028126778414,4.339026015246411,8.92841263750758,1.9359105346147363,4.727320225977872
-1.1394157271998704,2.8156385094112153,4.085268041501638,3.8220359603215854,5.929674851377962
-1.9994354565329142,-0.6575936444718007,9.291092813546422,4.41905527526532,5.515880707170254
0.9103480401584372,1.310527418422343,6.78911271771812,9.402896248582278,2.7546746479488866
1.8245744657274046,-0.2679864201324367,-1.8124554718441326,-1.9522070061800267,18.350102948827523
-3.5182573467944667,4.084524158858274,-0.8833087636145307,1.9948408009875709,3.076308388799822
3.472724547402189,2.344019182307088,5.0098579868128,-0.5387858648074193,4.050445283236261
-0.1489536287717923,2.912903323370073,1.3122772150161095,6.410509498766599,4.001610211087462
0.8317766721136817,0.9368551807552732,6.065609548885757,-0.6190879863533971,12.698489054334836
0.7073086941843236,0.9093526973452879,-0.8735453460457567,4.863248807886626,3.9120663851415918
2.1064471408842245,2.3041794634046475,0.0242461056753136,1.250881657100332,6.306798053154075
-1.1171040767128928,3.6664089330512524,-0.6317340765114396,11.137502643963643,-6.265808407781636
1.142701762737095,0.2642237081378025,3.7843628810487786,-2.4513248521209228,7.2300124700444846
-0.21418324145441825,4.272490349106035,0.35440463780300746,3.021326703602629,2.292288687357999
1.0941854143196572,-0.039903215715888285,4.615450517201618,-3.10503315225966,12.27213416698292
1.019990109744485,3.001142255496408,5.1940077636913005,11.6933602599421,6.745568664537231
2.5492317415646877,0.8442383900408725,5.909320913928257,-4.273328937803519,0.7657928255491067
-1.3221850702220896,4.15392218354728,1.7960664511476971,9.898282595304803,1.5334672029506478
1.6775793425610204,-2.2538015217232803,9.410777094654973,2.8393187242549924,6.716499956633117
1.7277837514393581,4.089237158499317,2.2148442055941597,4.477217767568877,-1.1224236666292753
0.6865915679271057,-1.1234534824702198,0.08916068396368093,3.4635297069651148,4.105697374963983
0.5158559737071742,0.6342858775068323,5.312713775573778,7.4394505262357296,7.804415246253846
-0.8860735292375008,-1.7963701152267741,6.798687573024526,3.283575143785554,9.768234083228815
0.030303709146231927,5.571653075081311,1.3753649708354714,7.566317366394992,-2.84219469785838
3.265126854833877,0.128750097313572,4.49335254104969,-4.074446511945098,7.091132489657225
-0.6278826733047773,1.5238441674820355,6.516289049101001,7.800051893188995,9.791385564146776
0.6991009382869366,3.638570835567101,6.444010227569967,1.4068688545783359,14.354538537300202
2.738988661798189,-0.3053173794902935,6.918249784521929,11.04981960513907,4.1576598881974185
-1.4751788784078823,-1.398686603759421,10.154494535688196,0.9095637568334496,14.512751983868512
-1.5886918319832326,3.4822778301607538,2.106085463125592,11.31446485437691,6.945658466378266
2.788281413681886,-2.0827414308420993,6.341718897254372,1.970139762732102,-0.6546617096331557
-0.8880241438333205,3.062556154425158,2.1226764369943742,8.235299030315955,4.7556434624685835
1.8109758563058023,5.102618234781319,2.8349498576586347,3.501926565504754,10.367916786042187
1.1344510940013957,2.4820267208521787,-2.627458729032854,5.547323435095367,9.2020476306418
2.108796076966856,0.4919492234901901,9.786844315552045,-1.7013055417230278,7.572363157675403
-1.1379440521693114,6.4775066837708195,4.405168255247387,9.943487943551645,2.4167927118651487
2.7334537923656526,0.4589485662295836,9.225276213747133,4.077240355637754,1.1015047797946549
-1.6758853287743583,3.420268430847008,-5.145442232245974,12.720072176754025,7.073100986129227
0.0036537901489001046,1.401372727171007,5.809817169093469,-0.7049625062370359,0.6487622968951108
0.5861380407948154,0.9192075917999809,2.592232663379152,5.411183560811839,5.121290773423024
1.188139368088772,-2.452451914348466,6.615674074631284,-6.458864023071363,10.783221996755545
-2.8391644139069943,5.531851537987607,2.5537730553156135,3.338231118395427,0.10884094150770274
2.9767799906329593,-1.5056283510316972,5.794042798447041,7.295743090011378,14.326755202096994
-1.2955837226048743,2.2023639422824632,2.9065346326323684,0.3324473519503701,4.585077573757881
-0.1753175267113889,2.4370826743249046,2.186113182117292,5.712674995610623,0.8803283261462629
0.8282213248080591,-1.7340028700692858,4.643184321277109,7.612998499180685,2.9242777054639397
1.49552952028387,4.238927387719221,12.306856152571175,-0.5064076932008943,12.422549878537684
-2.512272791149311,3.325849696741143,2.827515923121474,8.290787612144346,3.067501885618618
4.909379581723524,5.025005420010085,6.221777390112134,2.78057753387532,7.162272778714831
-0.2851748045073702,4.213355823795366,-9.986216970765385,5.585354841031542,-0.837605974570893
0.10022874373315838,1.7281322410868856,-0.41512846297731,4.521965101871299,2.7989594249689524
-0.4438457947742327,-0.5603105607250445,1.090753506605639,3.9376953070887946,8.946874316258777
1.5158122617023737,1.6296892313413973,4.716322753434903,-1.7053637863722688,12.571341179304294
-2.0828102790889185,8.117323411433851,-3.8684792156739647,13.799272289084202,4.011555181142276
2.847833587023996,1.20901406719128,11.94408171604796,-2.9373634034363194,2.0779043918159963
0.5068582080460109,0.48078798915460985,2.3178931224222667,3.3140824214579787,-0.7442726416431739
1.777767298335546,1.6052656592706962,9.353296754129769,6.623793994228263,-0.09502003946244253
1.9498764407770741,1.2747655039826258,-0.45257506198653985,7.190461152315533,-1.2893616297559007
2.1373475472054686,0.9755149533605485,1.111772549699612,-1.698306400249232,-2.243071191237468
-1.4311150443000296,3.9949758118163916,1.3242113473899573,5.7554430691839205,3.6134417778018366
1.4594365570927852,-1.9956770249218632,4.887363830186253,7.529318677021394,19.666017110275106
-0.2950014743428724,4.467384463483804,2.172146648353859,4.617913302408813,5.875068888045544
0.5000886250159453,1.8303846911960415,4.3907133686994975,-3.9712104052491113,11.097741253450746
0.344023793758115,1.9556748527888856,2.9448630802879365,9.722561059113406,6.181928615841439
1.3821379848160624,0.6967246046778834,7.675957076517327,1.4827364085774573,14.698482948741479
-2.502079884646382,5.209863066804507,1.5337128723587683,5.242103912728606,6.154494080336493
0.553751094634056,-0.44454761512627616,4.234656329930884,7.955113911365384,13.604263009941846
0.6335888797283846,-0.2184018166908468,3.1261411638549115,4.89645561203934,-1.8094463905906044
0.08838985182553061,1.8490676735781673,0.5336462337504086,1.7380883801800304,10.398203982646988
0.8379870166834587,4.750878313434223,0.9480916220330526,1.8020719056672414,-4.529372384370322
1.3093311643629384,-1.2354240814629824,2.9142031902998666,-3.5297483555734432,12.444786090372506
-2.1198461699779347,4.930061054435901,-0.3514603326702428,11.26129226199136,8.907418604951589
3.010706330204849,0.4423691781821808,5.764980038446268,8.445140059708802,2.663682463993032
-0.42038356057131376,2.3059773207554572,-3.893277012145136,5.4232007571278995,3.8593408539913074
-0.6519180513390632,2.6204231614540907,1.163974361373719,6.491832875225043,9.21263481762575
-0.4431854303421623,3.3419617936490216,1.9664679946989208,2.85894046404822,6.201509068156508
1.3130504203418576,-1.4689213589596706,3.3549736462881676,3.3172371908432465,8.913006619415246
-0.8737113424916387,5.787546784807592,5.3326391662506225,8.824366621831013,10.969918522046491
-0.02623315179799679,-1.809593314308158,5.494077788376497,-8.907288853543447,13.901289185530308
1.2401979330808521,1.599532137354153,-0.1557411921049061,4.519268455213035,3.934719714490819
2.4335481648346446,-3.6414663360877406,-0.06928669019320832,-1.017865406423538,12.369473993512832
0.6194842332512489,0.6323370091472964,-3.8771073929009114,2.269553129673911,11.785556153387219
2.7201967027569856,0.6743131700081146,3.9438456714014114,0.4213909621243088,9.585403794153759
1.135635890849506,2.5334567155343732,-3.9396471712313046,10.566647629502933,0.3417134929833874
2.863743534023672,-2.1988479432532797,6.450226500931497,-2.833499247565571,17.683941334063626
0.09287826025797563,2.83876525550537,-1.1642335516069915,8.34201718611496,-7.490787338952056
-0.7881379966941323,-1.4884997515446199,5.938842266410978,6.862218908398754,1.421453481595641
1.409964911570259,2.44906248723086,1.395604986694361,4.072784087021691,3.7837553964557515
1.616912493455165,0.5625410610247528,0.6947981705547215,-5.876244831028832,17.217015905495312
-1.4262875614026238,8.971464471096205,-0.33655199628796506,8.303209745601247,5.172338399557727
2.6818807445439052,0.7648035648889646,5.337911598948482,-8.270472252785392,13.421741992389354
-0.7113745399283806,3.611529952448877,0.7521778500967675,7.016209471069367,7.100671496791489
-0.8152794877487488,0.06459582979731482,5.881345421540468,6.899593235608778,8.36140906423971
-0.7792602695003128,2.1265755958808734,7.077990739615725,2.9837802927686456,3.2155477053768395
1.121792776105436,-0.5337149450470444,0.7643406445101553,1.859485926256922,3.200368216296437
0.5175794820027928,3.959969080677266,-2.7432805492706063,-1.0329885497124454,8.735246388261565
1.7711934853434674,-1.8607420393383791,9.129966900773082,-3.5561490327724794,7.670653846560265
-0.6607865927326235,2.214769427685934,-2.2100356519635804,8.363293534921896,0.9049155544629752
1.172402291774147,-0.9912945500269807,0.3372371880548324,8.430778563934117,0.08697037648314465
0.5470930893999132,1.8443945226208003,2.7651167061804323,6.920150241460693,2.748623005149243
0.3486129104786593,3.516294881845268,3.7849907164157752,-2.0287641348029752,13.439607366286882
-2.2972646650829835,3.083329014400323,1.0590124562753993,-0.839791940606482,-2.674444392440274
1.9317137008501453,3.4104384919015907,5.342002054578798,-1.6209058637694405,11.306601391750327
0.6026023731629988,7.307917011243214,1.0719720188992115,2.296158805223828,6.09839777937656
0.8459107079423429,3.600844506658981,1.8852820220256294,6.9629967146807115,14.071156884829401
-0.009075432367687375,-1.5729771010854656,3.6744271659706293,5.463456723757144,3.5499842130563932
0.9484636248792251,3.5191697994998767,-2.1689489613747037,1.4864322433513468,13.937909982095128
-1.2932553243535896,3.419658427597166,2.2928337760703807,7.278510131923381,6.290730465852047
1.8611121781426756,-0.7253061108107752,1.9517391481875124,-2.4568217958789225,11.302522589109474
0.3381608196043009,2.729603982428895,4.044031455768578,10.7213338366909,6.88602217948099
-0.2267748864570135,0.7458477891849635,4.251644061856987,1.295614952025565,8.395781463564736
2.823438991605763,-1.0462938887417157,2.8126770242077903,-7.1642529099782575,5.704771882298325
1.8217531223254604,-2.609413957956204,7.547547258762829,3.4583433467993965,3.1924229105446047
-1.7555174539711522,2.9584680416702467,-0.9998952408597443,7.198358415854267,5.1606778194338165
3.142289641701087,-0.18011846822630284,10.588614399159496,-3.38536626043696,6.7503211171125255
-2.1101369744850684,3.9324730842740454,3.773265521209173,6.324773262675667,-1.9090289707472596
1.373621457688607,1.801233518651943,8.209039070985495,-4.927209461132934,10.983049679073185
1.2988011321848,0.8977346634383327,0.5686591695283849,12.313399116038564,6.895694162670941
0.8234280834487131,-0.7785626676455668,2.9580338978064455,0.0011256387026534753,2.9555658290707036
-3.717247072705493,8.689761203141975,-3.537150587207341,7.818684960786708,1.0685074801884613
1.8499772857589671,-2.5721358374259062,8.666585527026285,-5.102038909742625,7.861657475289302
-0.7774713506599968,0.48548912001183697,6.7231569560461955,3.1394311061283293,4.944278454479648
-0.39990919353641796,2.8878583677248924,4.561684304553054,-4.154160716114983,5.346012478103552
0.9962032437694424,6.49022923434717,-4.1594675914550345,5.7190862685268655,-2.8913316896371954
1.6451119235796272,1.2970546565546417,6.15981033305089,3.019811783469665,8.573964440762282
-0.9301370748354498,2.3594613660387913,-2.109706563592833,9.132882674163529,1.8822385103744508
1.4996488851653569,-3.9663866196720003,9.993877178533443,-1.6372804042843079,8.6945577032388
-2.3464346251984276,2.0390995168683235,-0.2839503724739889,10.595062883007843,2.508497008496711
0.5482816269127164,5.124677530574951,1.5048771535991978,5.244161991745873,3.2641412524595053
1.8219414058262209,5.175083928107662,4.190863782410142,4.776105781945359,3.5577533860952193
-0.22439754661159905,-1.9026816610740027,3.190692016618253,-8.146295046747873,1.3133570792118947
-2.9039309137623683,5.331115160833313,0.7386659243379956,3.883772092891535,-0.22521781696635657
1.45852171143089,-0.5073067498948924,5.293805745880309,6.866704446894412,9.98609607152149
1.4649887730118556,6.143757326966051,-1.4089883571216935,9.853606528344425,7.4600234398101355
-0.5581015206325091,1.3122904764197105,3.2059523811601993,0.05966988579191268,5.820569257985783
-0.319245206047303,1.7103821079235435,6.751254934238032,5.896353879037352,7.6547672562324385
0.06992747982368708,1.631108768459837,3.8102086587406028,-1.8736336040105002,10.62624792372566
-2.232559819938091,3.4793381287929983,-3.394119776974695,5.1634638677603,7.500071794335295
4.560939584539202,1.3702545588024932,6.135314502884677,1.1965775967617613,16.40604917123739
0.07852699602959756,1.8808953014991714,0.8492555326332336,3.6781932529667296,-1.939351990930307
0.6587632545764577,5.1591389404765735,2.075640455459437,6.477809914828184,3.406134106868727
0.41447496848851384,2.081943047697462,4.604582044906833,5.4744536551609055,8.428704850496235
-0.13185447927435945,-0.26767604054636185,1.1705726639861291,-1.447074533128295,9.554747009207333
-0.8500144663547178,6.928716766390119,4.238325384588913,13.399676357794396,-2.3794508509121637
1.2977916273904744,-0.025102346984202217,0.9107756151294284,-5.949882681933965,10.017881585379179
