57.99460412539917 42.220971740314106
93.47445441371973 50.54943372053414
94.90229438365884 97.83052047127173
51.027965720703136 69.15220558945565
37.657348550591394 89.14562021080141
85.37602848614517 27.95128699188269
80.92257316672372 32.517701630311855
12.124401675172658 21.28927832477122
64.94392610293674 73.13827546040105
61.62144463718595 23.587160661718453
16.36763315117582 84.80586926113214
3.3043392358638517 33.839595500984274
86.59702327415597 89.93805963151135
56.26985908879486 17.810432930458486
42.86961014005156 51.227237597658046
49.45018008456968 50.59277989715027
18.36693289461017 94.85215817787068
44.55927431535013 11.470628669318604
29.795099019729964 25.69440652706062
79.99335274406577 83.2982176252411
18.702049368230945 49.58660319942319
95.7828534829592 0.7157591905796457
14.9371485874922 60.99140027576138
97.61931799069392 72.5063459893181
7.167082219280452 63.12466307602237
13.172889054161876 98.0900834150799
86.21194741534372 44.92563167041824
81.55980322429394 53.43347772597989
96.02424203801456 44.961557683023614
22.71557994660922 77.42199355186777
55.92050811638981 48.48441927817802
33.24556866975369 92.93532188650114
20.326459672722383 39.78800393076535
54.25013745097781 13.876319870111608
32.124532052270574 87.58485780278971
79.22261385446035 85.03970875117626
55.362091083540896 49.38105310521884
13.41201167717455 61.26813361398175
10.42808042085136 68.58437973991167
75.01671594144526 41.898849292052496
54.9763183450548 89.74952120919578
67.43170009623773 87.18032326007794
94.41095810310102 20.590647540546627
70.02773454483429 93.81221402294776
32.764150820874484 76.77633790784529
44.69092622456674 2.336238701487703
21.469404151011208 46.20286876214348
47.91579739102413 22.254148098329782
2.2355647950502378 0.3045805907327503
16.373580022948776 47.01434652664822
33.566803153828715 38.21248885212575
93.10159581439947 14.956204412933038
24.654051719087438 93.66708404235862
2.8475364818018267 99.56429356282923
6.652675481387504 18.606559527080137
67.28927852301206 18.104660159702316
44.58446991334451 38.98650867730932
96.89176228480072 5.749634094585499
92.9166699984377 1.7420527729267057
48.49213648759313 99.54863134798028
0.6120363807465723 18.56728326642767
45.81863663085177 9.427510756614131
76.28655140609023 46.50753147382929
63.000178959343735 44.16356977919692
92.67359419585436 90.96911396892295
81.61207201436834 12.490023878466094
36.77987026727839 75.86255548560905
4.221874708847196 92.5841851767371
89.92755133468305 66.79835523765455
80.54367471125872 96.9598586038474
23.31395177360974 58.26970556799984
75.03726747326537 44.629633819470506
9.776698164500695 92.51839236214938
25.260050606966576 79.254587911356
15.25857995949018 32.344361374121554
43.98062495196859 19.133444739858284
75.80194133048398 26.9581615111366
37.14310574092276 9.858492564332444
46.038413227454775 83.52588323872082
62.68344746208435 96.25551172098872
60.1001659977838 15.064916878038504
9.161920236742482 37.39708293400608
70.37736038701424 89.00321999011744
6.081468127405754 38.238251029381175
51.38814799745271 52.62239339840177
29.177110847935783 97.73428821465151
59.51384168785617 25.92418582937368
24.24329264211379 55.64583071021657
57.08057093103922 28.26146447357809
82.42297289866006 66.02756229210316
3.778484236369517 49.2310750336746
88.2104664341562 43.34095621843383
81.90657174039417 46.42647625384346
25.245501865657605 62.4245623473359
82.6210770801757 95.26805358506176
83.62728785609544 9.51138698694306
25.475207056379823 92.1446414833962
12.715702008285046 27.657518127006608
31.367913526144356 32.3032132399217
21.76516151473502 13.672494551727343
